GENER20  1.00e+25  1.00e-06                                0.00
VERTICES
  1      0.00      0.00
  2    500.00      0.00
  3   1000.00      0.00
  4   1500.00      0.00
  5   2000.00      0.00
  6   2500.00      0.00
  7   3000.00      0.00
  8   3500.00      0.00
  9   4000.00      0.00
 10   4500.00      0.00
 11   5000.00      0.00
 12   5500.00      0.00
 13   6000.00      0.00
 14   6500.00      0.00
 15   7000.00      0.00
 16   7500.00      0.00
 17   8000.00      0.00
 18   8500.00      0.00
 19   9000.00      0.00
 20   9500.00      0.00
 21  10000.00      0.00
 22      0.00   1000.00
 23    500.00   1000.00
 24   1000.00   1000.00
 25   1500.00   1000.00
 26   2000.00   1000.00
 27   2500.00   1000.00
 28   3000.00   1000.00
 29   3500.00   1000.00
 30   4000.00   1000.00
 31   4500.00   1000.00
 32   5000.00   1000.00
 33   5500.00   1000.00
 34   6000.00   1000.00
 35   6500.00   1000.00
 36   7000.00   1000.00
 37   7500.00   1000.00
 38   8000.00   1000.00
 39   8500.00   1000.00
 40   9000.00   1000.00
 41   9500.00   1000.00
 42  10000.00   1000.00

GRID
  10 4                    
  2
 23
 22
  1
  20 4                    
  3
 24
 23
  2
  30 4                    
  4
 25
 24
  3
  40 4                    
  5
 26
 25
  4
  50 4                    
  6
 27
 26
  5
  60 4                    
  7
 28
 27
  6
  70 4                    
  8
 29
 28
  7
  80 4                    
  9
 30
 29
  8
  90 4                    
 10
 31
 30
  9
 100 4                    
 11
 32
 31
 10
 110 4                    
 12
 33
 32
 11
 120 4                    
 13
 34
 33
 12
 130 4                    
 14
 35
 34
 13
 140 4                    
 15
 36
 35
 14
 150 4                    
 16
 37
 36
 15
 160 4                    
 17
 38
 37
 16
 170 4                    
 18
 39
 38
 17
 180 4                    
 19
 40
 39
 18
 190 4                    
 20
 41
 40
 19
 200 4                    
 21
 42
 41
 20

CONNECTIONS
  1  2
  2  3
  3  4
  4  5
  5  6
  6  7
  7  8
  8  9
  9 10
 10 11
 11 12
 12 13
 13 14
 14 15
 15 16
 16 17
 17 18
 18 19
 19 20

LAYERS
at       0.00      0.00
 a    -100.00    -50.00
 b    -200.00   -150.00
 c    -300.00   -250.00
 d    -400.00   -350.00
 e    -500.00   -450.00
 f    -600.00   -550.00
 g    -700.00   -650.00
 h    -800.00   -750.00
 i    -900.00   -850.00
 j   -1000.00   -950.00
 k   -1100.00  -1050.00
 l   -1200.00  -1150.00
 m   -1300.00  -1250.00
 n   -1400.00  -1350.00
 o   -1500.00  -1450.00
 p   -1600.00  -1550.00
 q   -1700.00  -1650.00
 r   -1800.00  -1750.00
 s   -1900.00  -1850.00
 t   -2000.00  -1950.00


