INCON -- INITIAL CONDITIONS FOR  550 ELEMENTS AT TIME  0.270000E+07
  a 1           0.30000000E+00
 0.1520711463870E+06 0.1487580198720E+03
  b 1           0.30000000E+00
 0.1520711461240E+06 0.1487580199017E+03
  c 1           0.30000000E+00
 0.1520711455226E+06 0.1487580199696E+03
  d 1           0.30000000E+00
 0.1520711444912E+06 0.1487580200859E+03
  e 1           0.30000000E+00
 0.1520711429187E+06 0.1487580202633E+03
  f 1           0.30000000E+00
 0.1520711406711E+06 0.1487580205169E+03
  g 1           0.30000000E+00
 0.1520711375866E+06 0.1487580208649E+03
  h 1           0.30000000E+00
 0.1520711334685E+06 0.1487580213294E+03
  i 1           0.30000000E+00
 0.1520711280832E+06 0.1487580219369E+03
  j 1           0.30000000E+00
 0.1520711211534E+06 0.1487580227186E+03
  k 1           0.30000000E+00
 0.1520711123445E+06 0.1487580237121E+03
  l 1           0.30000000E+00
 0.1520711012576E+06 0.1487580249624E+03
  m 1           0.30000000E+00
 0.1520710874143E+06 0.1487580265234E+03
  n 1           0.30000000E+00
 0.1520710702520E+06 0.1487580284582E+03
  o 1           0.30000000E+00
 0.1520710490996E+06 0.1487580308424E+03
  p 1           0.30000000E+00
 0.1520710231518E+06 0.1487580337664E+03
  q 1           0.30000000E+00
 0.1520709914632E+06 0.1487580373360E+03
  r 1           0.30000000E+00
 0.1520709528845E+06 0.1487580416800E+03
  s 1           0.30000000E+00
 0.1520709061113E+06 0.1487580469441E+03
  t 1           0.30000000E+00
 0.1520708495166E+06 0.1487580533095E+03
  u 1           0.30000000E+00
 0.1520707812458E+06 0.1487580609824E+03
  v 1           0.30000000E+00
 0.1520706990165E+06 0.1487580702155E+03
  w 1           0.30000000E+00
 0.1520706002144E+06 0.1487580812968E+03
  x 1           0.30000000E+00
 0.1520704815854E+06 0.1487580945835E+03
  y 1           0.30000000E+00
 0.1520703393844E+06 0.1487581104836E+03
  z 1           0.30000000E+00
 0.1520701690705E+06 0.1487581294885E+03
 aa 1           0.30000000E+00
 0.1520699652308E+06 0.1487581521786E+03
 ab 1           0.30000000E+00
 0.1520697214325E+06 0.1487581792358E+03
 ac 1           0.30000000E+00
 0.1520694300507E+06 0.1487582114580E+03
 ad 1           0.30000000E+00
 0.1520690818934E+06 0.1487582497918E+03
 ae 1           0.30000000E+00
 0.1520686657672E+06 0.1487582953700E+03
 af 1           0.30000000E+00
 0.1520681687199E+06 0.1487583494692E+03
 ag 1           0.30000000E+00
 0.1520675749473E+06 0.1487584136068E+03
 ah 1           0.30000000E+00
 0.1520668654957E+06 0.1487584895417E+03
 ai 1           0.30000000E+00
 0.1520660178535E+06 0.1487585792736E+03
 aj 1           0.30000000E+00
 0.1520650044269E+06 0.1487586851430E+03
 ak 1           0.30000000E+00
 0.1520637929440E+06 0.1487588096989E+03
 al 1           0.30000000E+00
 0.1520623440217E+06 0.1487589558312E+03
 am 1           0.30000000E+00
 0.1520606105265E+06 0.1487591266655E+03
 an 1           0.30000000E+00
 0.1520585354409E+06 0.1487593255405E+03
 ao 1           0.30000000E+00
 0.1520560510227E+06 0.1487595557745E+03
 ap 1           0.30000000E+00
 0.1520530754792E+06 0.1487598205589E+03
 aq 1           0.30000000E+00
 0.1520495097029E+06 0.1487601226903E+03
 ar 1           0.30000000E+00
 0.1520452351090E+06 0.1487604640363E+03
 as 1           0.30000000E+00
 0.1520401084570E+06 0.1487608450655E+03
 at 1           0.30000000E+00
 0.1520339574567E+06 0.1487612641026E+03
 au 1           0.30000000E+00
 0.1520265751534E+06 0.1487617165412E+03
 av 1           0.30000000E+00
 0.1520177132204E+06 0.1487621940914E+03
 aw 1           0.30000000E+00
 0.1520070715212E+06 0.1487626844935E+03
 ax 1           0.30000000E+00
 0.1519942880255E+06 0.1487631716966E+03
 ay 1           0.30000000E+00
 0.1519796422613E+06 0.1487636158604E+03
 az 1           0.30000000E+00
 0.1000018300679E+06 0.1500000002424E+03
 ba 1           0.30000000E+00
 0.1000000001504E+06 0.1500000000000E+03
 bb 1           0.30000000E+00
 0.1000000000000E+06 0.1500000000000E+03
 bc 1           0.30000000E+00
 0.1000000000000E+06 0.1500000000000E+03
 bd 1           0.30000000E+00
 0.1000000000000E+06 0.1500000000000E+03
 be 1           0.30000000E+00
 0.1000000000000E+06 0.1500000000000E+03
 bf 1           0.30000000E+00
 0.1000000000000E+06 0.1500000000000E+03
 bg 1           0.30000000E+00
 0.1000000000000E+06 0.1500000000000E+03
 bh 1           0.30000000E+00
 0.1000000000000E+06 0.1500000000000E+03
 bi 1           0.30000000E+00
 0.1000000000000E+06 0.1500000000000E+03
 bj 1           0.30000000E+00
 0.1000000000000E+06 0.1500000000000E+03
 bk 1           0.30000000E+00
 0.1000000000000E+06 0.1500000000000E+03
 bl 1           0.30000000E+00
 0.1000000000000E+06 0.1500000000000E+03
 bm 1           0.30000000E+00
 0.1000000000000E+06 0.1500000000000E+03
 bn 1           0.30000000E+00
 0.1000000000000E+06 0.1500000000000E+03
 bo 1           0.30000000E+00
 0.1000000000000E+06 0.1500000000000E+03
 bp 1           0.30000000E+00
 0.1000000000000E+06 0.1500000000000E+03
 bq 1           0.30000000E+00
 0.1000000000000E+06 0.1500000000000E+03
 br 1           0.30000000E+00
 0.1000000000000E+06 0.1500000000000E+03
 bs 1           0.30000000E+00
 0.1000000000000E+06 0.1500000000000E+03
 bt 1           0.30000000E+00
 0.1000000000000E+06 0.1500000000000E+03
 bu 1           0.30000000E+00
 0.1000000000000E+06 0.1500000000000E+03
 bv 1           0.30000000E+00
 0.1000000000000E+06 0.1500000000000E+03
 bw 1           0.30000000E+00
 0.1000000000000E+06 0.1500000000000E+03
 bx 1           0.30000000E+00
 0.1000000000000E+06 0.1500000000000E+03
 by 1           0.30000000E+00
 0.1000000000000E+06 0.1500000000000E+03
 bz 1           0.30000000E+00
 0.1000000000000E+06 0.1500000000000E+03
 ca 1           0.30000000E+00
 0.1000000000000E+06 0.1500000000000E+03
 cb 1           0.30000000E+00
 0.1000000000000E+06 0.1500000000000E+03
 cc 1           0.30000000E+00
 0.1000000000000E+06 0.1500000000000E+03
 cd 1           0.30000000E+00
 0.1000000000000E+06 0.1500000000000E+03
 ce 1           0.30000000E+00
 0.1000000000000E+06 0.1500000000000E+03
 cf 1           0.30000000E+00
 0.1000000000000E+06 0.1500000000000E+03
 cg 1           0.30000000E+00
 0.1000000000000E+06 0.1500000000000E+03
 ch 1           0.30000000E+00
 0.1000000000000E+06 0.1500000000000E+03
 ci 1           0.30000000E+00
 0.1000000000000E+06 0.1500000000000E+03
 cj 1           0.30000000E+00
 0.1000000000000E+06 0.1500000000000E+03
 ck 1           0.30000000E+00
 0.1000000000000E+06 0.1500000000000E+03
 cl 1           0.30000000E+00
 0.1000000000000E+06 0.1500000000000E+03
 cm 1           0.30000000E+00
 0.1000000000000E+06 0.1500000000000E+03
 cn 1           0.30000000E+00
 0.1000000000000E+06 0.1500000000000E+03
 co 1           0.30000000E+00
 0.1000000000000E+06 0.1500000000000E+03
 cp 1           0.30000000E+00
 0.1000000000000E+06 0.1500000000000E+03
 cq 1           0.30000000E+00
 0.1000000000000E+06 0.1500000000000E+03
 cr 1           0.30000000E+00
 0.1000000000000E+06 0.1500000000000E+03
 cs 1           0.30000000E+00
 0.1000000000000E+06 0.1500000000000E+03
 ct 1           0.30000000E+00
 0.1000000000000E+06 0.1500000000000E+03
 cu 1           0.30000000E+00
 0.1000000000000E+06 0.1500000000000E+03
 cv 1           0.30000000E+00
 0.1000000000000E+06 0.1500000000000E+03
 cw 1           0.30000000E+00
 0.1000000000000E+06 0.1500000000000E+03
 cx 1           0.30000000E+00
 0.1000000000000E+06 0.1500000000000E+03
 cy 1           0.30000000E+00
 0.1000000000000E+06 0.1500000000000E+03
 cz 1           0.30000000E+00
 0.1000000000000E+06 0.1500000000000E+03
 da 1           0.30000000E+00
 0.1000000000000E+06 0.1500000000000E+03
 db 1           0.30000000E+00
 0.1000000000000E+06 0.1500000000000E+03
 dc 1           0.30000000E+00
 0.1000000000000E+06 0.1500000000000E+03
 dd 1           0.30000000E+00
 0.1000000000000E+06 0.1500000000000E+03
 de 1           0.30000000E+00
 0.1000000000000E+06 0.1500000000000E+03
 df 1           0.30000000E+00
 0.1000000000000E+06 0.1500000000000E+03
 dg 1           0.30000000E+00
 0.1000000000000E+06 0.1500000000000E+03
 dh 1           0.30000000E+00
 0.1000000000000E+06 0.1500000000000E+03
 di 1           0.30000000E+00
 0.1000000000000E+06 0.1500000000000E+03
 dj 1           0.30000000E+00
 0.1000000000000E+06 0.1500000000000E+03
 dk 1           0.30000000E+00
 0.1000000000000E+06 0.1500000000000E+03
 dl 1           0.30000000E+00
 0.1000000000000E+06 0.1500000000000E+03
 dm 1           0.30000000E+00
 0.1000000000000E+06 0.1500000000000E+03
 dn 1           0.30000000E+00
 0.1000000000000E+06 0.1500000000000E+03
 do 1           0.30000000E+00
 0.1000000000000E+06 0.1500000000000E+03
 dp 1           0.30000000E+00
 0.1000000000000E+06 0.1500000000000E+03
 dq 1           0.30000000E+00
 0.1000000000000E+06 0.1500000000000E+03
 dr 1           0.30000000E+00
 0.1000000000000E+06 0.1500000000000E+03
 ds 1           0.30000000E+00
 0.1000000000000E+06 0.1500000000000E+03
 dt 1           0.30000000E+00
 0.1000000000000E+06 0.1500000000000E+03
 du 1           0.30000000E+00
 0.1000000000000E+06 0.1500000000000E+03
 dv 1           0.30000000E+00
 0.1000000000000E+06 0.1500000000000E+03
 dw 1           0.30000000E+00
 0.1000000000000E+06 0.1500000000000E+03
 dx 1           0.30000000E+00
 0.1000000000000E+06 0.1500000000000E+03
 dy 1           0.30000000E+00
 0.1000000000000E+06 0.1500000000000E+03
 dz 1           0.30000000E+00
 0.1000000000000E+06 0.1500000000000E+03
 ea 1           0.30000000E+00
 0.1000000000000E+06 0.1500000000000E+03
 eb 1           0.30000000E+00
 0.1000000000000E+06 0.1500000000000E+03
 ec 1           0.30000000E+00
 0.1000000000000E+06 0.1500000000000E+03
 ed 1           0.30000000E+00
 0.1000000000000E+06 0.1500000000000E+03
 ee 1           0.30000000E+00
 0.1000000000000E+06 0.1500000000000E+03
 ef 1           0.30000000E+00
 0.1000000000000E+06 0.1500000000000E+03
 eg 1           0.30000000E+00
 0.1000000000000E+06 0.1500000000000E+03
 eh 1           0.30000000E+00
 0.1000000000000E+06 0.1500000000000E+03
 ei 1           0.30000000E+00
 0.1000000000000E+06 0.1500000000000E+03
 ej 1           0.30000000E+00
 0.1000000000000E+06 0.1500000000000E+03
 ek 1           0.30000000E+00
 0.1000000000000E+06 0.1500000000000E+03
 el 1           0.30000000E+00
 0.1000000000000E+06 0.1500000000000E+03
 em 1           0.30000000E+00
 0.1000000000000E+06 0.1500000000000E+03
 en 1           0.30000000E+00
 0.1000000000000E+06 0.1500000000000E+03
 eo 1           0.30000000E+00
 0.1000000000000E+06 0.1500000000000E+03
 ep 1           0.30000000E+00
 0.1000000000000E+06 0.1500000000000E+03
 eq 1           0.30000000E+00
 0.1000000000000E+06 0.1500000000000E+03
 er 1           0.30000000E+00
 0.1000000000000E+06 0.1500000000000E+03
 es 1           0.30000000E+00
 0.1000000000000E+06 0.1500000000000E+03
 et 1           0.30000000E+00
 0.1000000000000E+06 0.1500000000000E+03
 eu 1           0.30000000E+00
 0.1000000000000E+06 0.1500000000000E+03
 ev 1           0.30000000E+00
 0.1000000000000E+06 0.1500000000000E+03
 ew 1           0.30000000E+00
 0.1000000000000E+06 0.1500000000000E+03
 ex 1           0.30000000E+00
 0.1000000000000E+06 0.1500000000000E+03
 ey 1           0.30000000E+00
 0.1000000000000E+06 0.1500000000000E+03
 ez 1           0.30000000E+00
 0.1000000000000E+06 0.1500000000000E+03
 fa 1           0.30000000E+00
 0.1000000000000E+06 0.1500000000000E+03
 fb 1           0.30000000E+00
 0.1000000000000E+06 0.1500000000000E+03
 fc 1           0.30000000E+00
 0.1000000000000E+06 0.1500000000000E+03
 fd 1           0.30000000E+00
 0.1000000000000E+06 0.1500000000000E+03
 fe 1           0.30000000E+00
 0.1000000000000E+06 0.1500000000000E+03
 ff 1           0.30000000E+00
 0.1000000000000E+06 0.1500000000000E+03
 fg 1           0.30000000E+00
 0.1000000000000E+06 0.1500000000000E+03
 fh 1           0.30000000E+00
 0.1000000000000E+06 0.1500000000000E+03
 fi 1           0.30000000E+00
 0.1000000000000E+06 0.1500000000000E+03
 fj 1           0.30000000E+00
 0.1000000000000E+06 0.1500000000000E+03
 fk 1           0.30000000E+00
 0.1000000000000E+06 0.1500000000000E+03
 fl 1           0.30000000E+00
 0.1000000000000E+06 0.1500000000000E+03
 fm 1           0.30000000E+00
 0.1000000000000E+06 0.1500000000000E+03
 fn 1           0.30000000E+00
 0.1000000000000E+06 0.1500000000000E+03
 fo 1           0.30000000E+00
 0.1000000000000E+06 0.1500000000000E+03
 fp 1           0.30000000E+00
 0.1000000000000E+06 0.1500000000000E+03
 fq 1           0.30000000E+00
 0.1000000000000E+06 0.1500000000000E+03
 fr 1           0.30000000E+00
 0.1000000000000E+06 0.1500000000000E+03
 fs 1           0.30000000E+00
 0.1000000000000E+06 0.1500000000000E+03
 ft 1           0.30000000E+00
 0.1000000000000E+06 0.1500000000000E+03
 fu 1           0.30000000E+00
 0.1000000000000E+06 0.1500000000000E+03
 fv 1           0.30000000E+00
 0.1000000000000E+06 0.1500000000000E+03
 fw 1           0.30000000E+00
 0.1000000000000E+06 0.1500000000000E+03
 fx 1           0.30000000E+00
 0.1000000000000E+06 0.1500000000000E+03
 fy 1           0.30000000E+00
 0.1000000000000E+06 0.1500000000000E+03
 fz 1           0.30000000E+00
 0.1000000000000E+06 0.1500000000000E+03
 ga 1           0.30000000E+00
 0.1000000000000E+06 0.1500000000000E+03
 gb 1           0.30000000E+00
 0.1000000000000E+06 0.1500000000000E+03
 gc 1           0.30000000E+00
 0.1000000000000E+06 0.1500000000000E+03
 gd 1           0.30000000E+00
 0.1000000000000E+06 0.1500000000000E+03
 ge 1           0.30000000E+00
 0.1000000000000E+06 0.1500000000000E+03
 gf 1           0.30000000E+00
 0.1000000000000E+06 0.1500000000000E+03
 gg 1           0.30000000E+00
 0.1000000000000E+06 0.1500000000000E+03
 gh 1           0.30000000E+00
 0.1000000000000E+06 0.1500000000000E+03
 gi 1           0.30000000E+00
 0.1000000000000E+06 0.1500000000000E+03
 gj 1           0.30000000E+00
 0.1000000000000E+06 0.1500000000000E+03
 gk 1           0.30000000E+00
 0.1000000000000E+06 0.1500000000000E+03
 gl 1           0.30000000E+00
 0.1000000000000E+06 0.1500000000000E+03
 gm 1           0.30000000E+00
 0.1000000000000E+06 0.1500000000000E+03
 gn 1           0.30000000E+00
 0.1000000000000E+06 0.1500000000000E+03
 go 1           0.30000000E+00
 0.1000000000000E+06 0.1500000000000E+03
 gp 1           0.30000000E+00
 0.1000000000000E+06 0.1500000000000E+03
 gq 1           0.30000000E+00
 0.1000000000000E+06 0.1500000000000E+03
 gr 1           0.30000000E+00
 0.1000000000000E+06 0.1500000000000E+03
 gs 1           0.30000000E+00
 0.1000000000000E+06 0.1500000000000E+03
 gt 1           0.30000000E+00
 0.1000000000000E+06 0.1500000000000E+03
 gu 1           0.30000000E+00
 0.1000000000000E+06 0.1500000000000E+03
 gv 1           0.30000000E+00
 0.1000000000000E+06 0.1500000000000E+03
 gw 1           0.30000000E+00
 0.1000000000000E+06 0.1500000000000E+03
 gx 1           0.30000000E+00
 0.1000000000000E+06 0.1500000000000E+03
 gy 1           0.30000000E+00
 0.1000000000000E+06 0.1500000000000E+03
 gz 1           0.30000000E+00
 0.1000000000000E+06 0.1500000000000E+03
 ha 1           0.30000000E+00
 0.1000000000000E+06 0.1500000000000E+03
 hb 1           0.30000000E+00
 0.1000000000000E+06 0.1500000000000E+03
 hc 1           0.30000000E+00
 0.1000000000000E+06 0.1500000000000E+03
 hd 1           0.30000000E+00
 0.1000000000000E+06 0.1500000000000E+03
 he 1           0.30000000E+00
 0.1000000000000E+06 0.1500000000000E+03
 hf 1           0.30000000E+00
 0.1000000000000E+06 0.1500000000000E+03
 hg 1           0.30000000E+00
 0.1000000000000E+06 0.1500000000000E+03
 hh 1           0.30000000E+00
 0.1000000000000E+06 0.1500000000000E+03
 hi 1           0.30000000E+00
 0.1000000000000E+06 0.1500000000000E+03
 hj 1           0.30000000E+00
 0.1000000000000E+06 0.1500000000000E+03
 hk 1           0.30000000E+00
 0.1000000000000E+06 0.1500000000000E+03
 hl 1           0.30000000E+00
 0.1000000000000E+06 0.1500000000000E+03
 hm 1           0.30000000E+00
 0.1000000000000E+06 0.1500000000000E+03
 hn 1           0.30000000E+00
 0.1000000000000E+06 0.1500000000000E+03
 ho 1           0.30000000E+00
 0.1000000000000E+06 0.1500000000000E+03
 hp 1           0.30000000E+00
 0.1000000000000E+06 0.1500000000000E+03
 hq 1           0.30000000E+00
 0.1000000000000E+06 0.1500000000000E+03
 hr 1           0.30000000E+00
 0.1000000000000E+06 0.1500000000000E+03
 hs 1           0.30000000E+00
 0.1000000000000E+06 0.1500000000000E+03
 ht 1           0.30000000E+00
 0.1000000000000E+06 0.1500000000000E+03
 hu 1           0.30000000E+00
 0.1000000000000E+06 0.1500000000000E+03
 hv 1           0.30000000E+00
 0.1000000000000E+06 0.1500000000000E+03
 hw 1           0.30000000E+00
 0.1000000000000E+06 0.1500000000000E+03
 hx 1           0.30000000E+00
 0.1000000000000E+06 0.1500000000000E+03
 hy 1           0.30000000E+00
 0.1000000000000E+06 0.1500000000000E+03
 hz 1           0.30000000E+00
 0.1000000000000E+06 0.1500000000000E+03
 ia 1           0.30000000E+00
 0.1000000000000E+06 0.1500000000000E+03
 ib 1           0.30000000E+00
 0.1000000000000E+06 0.1500000000000E+03
 ic 1           0.30000000E+00
 0.1000000000000E+06 0.1500000000000E+03
 id 1           0.30000000E+00
 0.1000000000000E+06 0.1500000000000E+03
 ie 1           0.30000000E+00
 0.1000000000000E+06 0.1500000000000E+03
 if 1           0.30000000E+00
 0.1000000000000E+06 0.1500000000000E+03
 ig 1           0.30000000E+00
 0.1000000000000E+06 0.1500000000000E+03
 ih 1           0.30000000E+00
 0.1000000000000E+06 0.1500000000000E+03
 ii 1           0.30000000E+00
 0.1000000000000E+06 0.1500000000000E+03
 ij 1           0.30000000E+00
 0.1000000000000E+06 0.1500000000000E+03
 ik 1           0.30000000E+00
 0.1000000000000E+06 0.1500000000000E+03
 il 1           0.30000000E+00
 0.1000000000000E+06 0.1500000000000E+03
 im 1           0.30000000E+00
 0.1000000000000E+06 0.1500000000000E+03
 in 1           0.30000000E+00
 0.1000000000000E+06 0.1500000000000E+03
 io 1           0.30000000E+00
 0.1000000000000E+06 0.1500000000000E+03
 ip 1           0.30000000E+00
 0.1000000000000E+06 0.1500000000000E+03
 iq 1           0.30000000E+00
 0.1000000000000E+06 0.1500000000000E+03
 ir 1           0.30000000E+00
 0.1000000000000E+06 0.1500000000000E+03
 is 1           0.30000000E+00
 0.1000000000000E+06 0.1500000000000E+03
 it 1           0.30000000E+00
 0.1000000000000E+06 0.1500000000000E+03
 iu 1           0.30000000E+00
 0.1000000000000E+06 0.1500000000000E+03
 iv 1           0.30000000E+00
 0.1000000000000E+06 0.1500000000000E+03
 iw 1           0.30000000E+00
 0.1000000000000E+06 0.1500000000000E+03
 ix 1           0.30000000E+00
 0.1000000000000E+06 0.1500000000000E+03
 iy 1           0.30000000E+00
 0.1000000000000E+06 0.1500000000000E+03
 iz 1           0.30000000E+00
 0.1000000000000E+06 0.1500000000000E+03
 ja 1           0.30000000E+00
 0.1000000000000E+06 0.1500000000000E+03
 jb 1           0.30000000E+00
 0.1000000000000E+06 0.1500000000000E+03
 jc 1           0.30000000E+00
 0.1000000000000E+06 0.1500000000000E+03
 jd 1           0.30000000E+00
 0.1000000000000E+06 0.1500000000000E+03
 je 1           0.30000000E+00
 0.1000000000000E+06 0.1500000000000E+03
 jf 1           0.30000000E+00
 0.1000000000000E+06 0.1500000000000E+03
 jg 1           0.30000000E+00
 0.1000000000000E+06 0.1500000000000E+03
 jh 1           0.30000000E+00
 0.1000000000000E+06 0.1500000000000E+03
 ji 1           0.30000000E+00
 0.1000000000000E+06 0.1500000000000E+03
 jj 1           0.30000000E+00
 0.1000000000000E+06 0.1500000000000E+03
 jk 1           0.30000000E+00
 0.1000000000000E+06 0.1500000000000E+03
 jl 1           0.30000000E+00
 0.1000000000000E+06 0.1500000000000E+03
 jm 1           0.30000000E+00
 0.1000000000000E+06 0.1500000000000E+03
 jn 1           0.30000000E+00
 0.1000000000000E+06 0.1500000000000E+03
 jo 1           0.30000000E+00
 0.1000000000000E+06 0.1500000000000E+03
 jp 1           0.30000000E+00
 0.1000000000000E+06 0.1500000000000E+03
 jq 1           0.30000000E+00
 0.1000000000000E+06 0.1500000000000E+03
 jr 1           0.30000000E+00
 0.1000000000000E+06 0.1500000000000E+03
 js 1           0.30000000E+00
 0.1000000000000E+06 0.1500000000000E+03
 jt 1           0.30000000E+00
 0.1000000000000E+06 0.1500000000000E+03
 ju 1           0.30000000E+00
 0.1000000000000E+06 0.1500000000000E+03
 jv 1           0.30000000E+00
 0.1000000000000E+06 0.1500000000000E+03
 jw 1           0.30000000E+00
 0.1000000000000E+06 0.1500000000000E+03
 jx 1           0.30000000E+00
 0.1000000000000E+06 0.1500000000000E+03
 jy 1           0.30000000E+00
 0.1000000000000E+06 0.1500000000000E+03
 jz 1           0.30000000E+00
 0.1000000000000E+06 0.1500000000000E+03
 ka 1           0.30000000E+00
 0.1000000000000E+06 0.1500000000000E+03
 kb 1           0.30000000E+00
 0.1000000000000E+06 0.1500000000000E+03
 kc 1           0.30000000E+00
 0.1000000000000E+06 0.1500000000000E+03
 kd 1           0.30000000E+00
 0.1000000000000E+06 0.1500000000000E+03
 ke 1           0.30000000E+00
 0.1000000000000E+06 0.1500000000000E+03
 kf 1           0.30000000E+00
 0.1000000000000E+06 0.1500000000000E+03
 kg 1           0.30000000E+00
 0.1000000000000E+06 0.1500000000000E+03
 kh 1           0.30000000E+00
 0.1000000000000E+06 0.1500000000000E+03
 ki 1           0.30000000E+00
 0.1000000000000E+06 0.1500000000000E+03
 kj 1           0.30000000E+00
 0.1000000000000E+06 0.1500000000000E+03
 kk 1           0.30000000E+00
 0.1000000000000E+06 0.1500000000000E+03
 kl 1           0.30000000E+00
 0.1000000000000E+06 0.1500000000000E+03
 km 1           0.30000000E+00
 0.1000000000000E+06 0.1500000000000E+03
 kn 1           0.30000000E+00
 0.1000000000000E+06 0.1500000000000E+03
 ko 1           0.30000000E+00
 0.1000000000000E+06 0.1500000000000E+03
 kp 1           0.30000000E+00
 0.1000000000000E+06 0.1500000000000E+03
 kq 1           0.30000000E+00
 0.1000000000000E+06 0.1500000000000E+03
 kr 1           0.30000000E+00
 0.1000000000000E+06 0.1500000000000E+03
 ks 1           0.30000000E+00
 0.1000000000000E+06 0.1500000000000E+03
 kt 1           0.30000000E+00
 0.1000000000000E+06 0.1500000000000E+03
 ku 1           0.30000000E+00
 0.1000000000000E+06 0.1500000000000E+03
 kv 1           0.30000000E+00
 0.1000000000000E+06 0.1500000000000E+03
 kw 1           0.30000000E+00
 0.1000000000000E+06 0.1500000000000E+03
 kx 1           0.30000000E+00
 0.1000000000000E+06 0.1500000000000E+03
 ky 1           0.30000000E+00
 0.1000000000000E+06 0.1500000000000E+03
 kz 1           0.30000000E+00
 0.1000000000000E+06 0.1500000000000E+03
 la 1           0.30000000E+00
 0.1000000000000E+06 0.1500000000000E+03
 lb 1           0.30000000E+00
 0.1000000000000E+06 0.1500000000000E+03
 lc 1           0.30000000E+00
 0.1000000000000E+06 0.1500000000000E+03
 ld 1           0.30000000E+00
 0.1000000000000E+06 0.1500000000000E+03
 le 1           0.30000000E+00
 0.1000000000000E+06 0.1500000000000E+03
 lf 1           0.30000000E+00
 0.1000000000000E+06 0.1500000000000E+03
 lg 1           0.30000000E+00
 0.1000000000000E+06 0.1500000000000E+03
 lh 1           0.30000000E+00
 0.1000000000000E+06 0.1500000000000E+03
 li 1           0.30000000E+00
 0.1000000000000E+06 0.1500000000000E+03
 lj 1           0.30000000E+00
 0.1000000000000E+06 0.1500000000000E+03
 lk 1           0.30000000E+00
 0.1000000000000E+06 0.1500000000000E+03
 ll 1           0.30000000E+00
 0.1000000000000E+06 0.1500000000000E+03
 lm 1           0.30000000E+00
 0.1000000000000E+06 0.1500000000000E+03
 ln 1           0.30000000E+00
 0.1000000000000E+06 0.1500000000000E+03
 lo 1           0.30000000E+00
 0.1000000000000E+06 0.1500000000000E+03
 lp 1           0.30000000E+00
 0.1000000000000E+06 0.1500000000000E+03
 lq 1           0.30000000E+00
 0.1000000000000E+06 0.1500000000000E+03
 lr 1           0.30000000E+00
 0.1000000000000E+06 0.1500000000000E+03
 ls 1           0.30000000E+00
 0.1000000000000E+06 0.1500000000000E+03
 lt 1           0.30000000E+00
 0.1000000000000E+06 0.1500000000000E+03
 lu 1           0.30000000E+00
 0.1000000000000E+06 0.1500000000000E+03
 lv 1           0.30000000E+00
 0.1000000000000E+06 0.1500000000000E+03
 lw 1           0.30000000E+00
 0.1000000000000E+06 0.1500000000000E+03
 lx 1           0.30000000E+00
 0.1000000000000E+06 0.1500000000000E+03
 ly 1           0.30000000E+00
 0.1000000000000E+06 0.1500000000000E+03
 lz 1           0.30000000E+00
 0.1000000000000E+06 0.1500000000000E+03
 ma 1           0.30000000E+00
 0.1000000000000E+06 0.1500000000000E+03
 mb 1           0.30000000E+00
 0.1000000000000E+06 0.1500000000000E+03
 mc 1           0.30000000E+00
 0.1000000000000E+06 0.1500000000000E+03
 md 1           0.30000000E+00
 0.1000000000000E+06 0.1500000000000E+03
 me 1           0.30000000E+00
 0.1000000000000E+06 0.1500000000000E+03
 mf 1           0.30000000E+00
 0.1000000000000E+06 0.1500000000000E+03
 mg 1           0.30000000E+00
 0.1000000000000E+06 0.1500000000000E+03
 mh 1           0.30000000E+00
 0.1000000000000E+06 0.1500000000000E+03
 mi 1           0.30000000E+00
 0.1000000000000E+06 0.1500000000000E+03
 mj 1           0.30000000E+00
 0.1000000000000E+06 0.1500000000000E+03
 mk 1           0.30000000E+00
 0.1000000000000E+06 0.1500000000000E+03
 ml 1           0.30000000E+00
 0.1000000000000E+06 0.1500000000000E+03
 mm 1           0.30000000E+00
 0.1000000000000E+06 0.1500000000000E+03
 mn 1           0.30000000E+00
 0.1000000000000E+06 0.1500000000000E+03
 mo 1           0.30000000E+00
 0.1000000000000E+06 0.1500000000000E+03
 mp 1           0.30000000E+00
 0.1000000000000E+06 0.1500000000000E+03
 mq 1           0.30000000E+00
 0.1000000000000E+06 0.1500000000000E+03
 mr 1           0.30000000E+00
 0.1000000000000E+06 0.1500000000000E+03
 ms 1           0.30000000E+00
 0.1000000000000E+06 0.1500000000000E+03
 mt 1           0.30000000E+00
 0.1000000000000E+06 0.1500000000000E+03
 mu 1           0.30000000E+00
 0.1000000000000E+06 0.1500000000000E+03
 mv 1           0.30000000E+00
 0.1000000000000E+06 0.1500000000000E+03
 mw 1           0.30000000E+00
 0.1000000000000E+06 0.1500000000000E+03
 mx 1           0.30000000E+00
 0.1000000000000E+06 0.1500000000000E+03
 my 1           0.30000000E+00
 0.1000000000000E+06 0.1500000000000E+03
 mz 1           0.30000000E+00
 0.1000000000000E+06 0.1500000000000E+03
 na 1           0.30000000E+00
 0.1000000000000E+06 0.1500000000000E+03
 nb 1           0.30000000E+00
 0.1000000000000E+06 0.1500000000000E+03
 nc 1           0.30000000E+00
 0.1000000000000E+06 0.1500000000000E+03
 nd 1           0.30000000E+00
 0.1000000000000E+06 0.1500000000000E+03
 ne 1           0.30000000E+00
 0.1000000000000E+06 0.1500000000000E+03
 nf 1           0.30000000E+00
 0.1000000000000E+06 0.1500000000000E+03
 ng 1           0.30000000E+00
 0.1000000000000E+06 0.1500000000000E+03
 nh 1           0.30000000E+00
 0.1000000000000E+06 0.1500000000000E+03
 ni 1           0.30000000E+00
 0.1000000000000E+06 0.1500000000000E+03
 nj 1           0.30000000E+00
 0.1000000000000E+06 0.1500000000000E+03
 nk 1           0.30000000E+00
 0.1000000000000E+06 0.1500000000000E+03
 nl 1           0.30000000E+00
 0.1000000000000E+06 0.1500000000000E+03
 nm 1           0.30000000E+00
 0.1000000000000E+06 0.1500000000000E+03
 nn 1           0.30000000E+00
 0.1000000000000E+06 0.1500000000000E+03
 no 1           0.30000000E+00
 0.1000000000000E+06 0.1500000000000E+03
 np 1           0.30000000E+00
 0.1000000000000E+06 0.1500000000000E+03
 nq 1           0.30000000E+00
 0.1000000000000E+06 0.1500000000000E+03
 nr 1           0.30000000E+00
 0.1000000000000E+06 0.1500000000000E+03
 ns 1           0.30000000E+00
 0.1000000000000E+06 0.1500000000000E+03
 nt 1           0.30000000E+00
 0.1000000000000E+06 0.1500000000000E+03
 nu 1           0.30000000E+00
 0.1000000000000E+06 0.1500000000000E+03
 nv 1           0.30000000E+00
 0.1000000000000E+06 0.1500000000000E+03
 nw 1           0.30000000E+00
 0.1000000000000E+06 0.1500000000000E+03
 nx 1           0.30000000E+00
 0.1000000000000E+06 0.1500000000000E+03
 ny 1           0.30000000E+00
 0.1000000000000E+06 0.1500000000000E+03
 nz 1           0.30000000E+00
 0.1000000000000E+06 0.1500000000000E+03
 oa 1           0.30000000E+00
 0.1000000000000E+06 0.1500000000000E+03
 ob 1           0.30000000E+00
 0.1000000000000E+06 0.1500000000000E+03
 oc 1           0.30000000E+00
 0.1000000000000E+06 0.1500000000000E+03
 od 1           0.30000000E+00
 0.1000000000000E+06 0.1500000000000E+03
 oe 1           0.30000000E+00
 0.1000000000000E+06 0.1500000000000E+03
 of 1           0.30000000E+00
 0.1000000000000E+06 0.1500000000000E+03
 og 1           0.30000000E+00
 0.1000000000000E+06 0.1500000000000E+03
 oh 1           0.30000000E+00
 0.1000000000000E+06 0.1500000000000E+03
 oi 1           0.30000000E+00
 0.1000000000000E+06 0.1500000000000E+03
 oj 1           0.30000000E+00
 0.1000000000000E+06 0.1500000000000E+03
 ok 1           0.30000000E+00
 0.1000000000000E+06 0.1500000000000E+03
 ol 1           0.30000000E+00
 0.1000000000000E+06 0.1500000000000E+03
 om 1           0.30000000E+00
 0.1000000000000E+06 0.1500000000000E+03
 on 1           0.30000000E+00
 0.1000000000000E+06 0.1500000000000E+03
 oo 1           0.30000000E+00
 0.1000000000000E+06 0.1500000000000E+03
 op 1           0.30000000E+00
 0.1000000000000E+06 0.1500000000000E+03
 oq 1           0.30000000E+00
 0.1000000000000E+06 0.1500000000000E+03
 or 1           0.30000000E+00
 0.1000000000000E+06 0.1500000000000E+03
 os 1           0.30000000E+00
 0.1000000000000E+06 0.1500000000000E+03
 ot 1           0.30000000E+00
 0.1000000000000E+06 0.1500000000000E+03
 ou 1           0.30000000E+00
 0.1000000000000E+06 0.1500000000000E+03
 ov 1           0.30000000E+00
 0.1000000000000E+06 0.1500000000000E+03
 ow 1           0.30000000E+00
 0.1000000000000E+06 0.1500000000000E+03
 ox 1           0.30000000E+00
 0.1000000000000E+06 0.1500000000000E+03
 oy 1           0.30000000E+00
 0.1000000000000E+06 0.1500000000000E+03
 oz 1           0.30000000E+00
 0.1000000000000E+06 0.1500000000000E+03
 pa 1           0.30000000E+00
 0.1000000000000E+06 0.1500000000000E+03
 pb 1           0.30000000E+00
 0.1000000000000E+06 0.1500000000000E+03
 pc 1           0.30000000E+00
 0.1000000000000E+06 0.1500000000000E+03
 pd 1           0.30000000E+00
 0.1000000000000E+06 0.1500000000000E+03
 pe 1           0.30000000E+00
 0.1000000000000E+06 0.1500000000000E+03
 pf 1           0.30000000E+00
 0.1000000000000E+06 0.1500000000000E+03
 pg 1           0.30000000E+00
 0.1000000000000E+06 0.1500000000000E+03
 ph 1           0.30000000E+00
 0.1000000000000E+06 0.1500000000000E+03
 pi 1           0.30000000E+00
 0.1000000000000E+06 0.1500000000000E+03
 pj 1           0.30000000E+00
 0.1000000000000E+06 0.1500000000000E+03
 pk 1           0.30000000E+00
 0.1000000000000E+06 0.1500000000000E+03
 pl 1           0.30000000E+00
 0.1000000000000E+06 0.1500000000000E+03
 pm 1           0.30000000E+00
 0.1000000000000E+06 0.1500000000000E+03
 pn 1           0.30000000E+00
 0.1000000000000E+06 0.1500000000000E+03
 po 1           0.30000000E+00
 0.1000000000000E+06 0.1500000000000E+03
 pp 1           0.30000000E+00
 0.1000000000000E+06 0.1500000000000E+03
 pq 1           0.30000000E+00
 0.1000000000000E+06 0.1500000000000E+03
 pr 1           0.30000000E+00
 0.1000000000000E+06 0.1500000000000E+03
 ps 1           0.30000000E+00
 0.1000000000000E+06 0.1500000000000E+03
 pt 1           0.30000000E+00
 0.1000000000000E+06 0.1500000000000E+03
 pu 1           0.30000000E+00
 0.1000000000000E+06 0.1500000000000E+03
 pv 1           0.30000000E+00
 0.1000000000000E+06 0.1500000000000E+03
 pw 1           0.30000000E+00
 0.1000000000000E+06 0.1500000000000E+03
 px 1           0.30000000E+00
 0.1000000000000E+06 0.1500000000000E+03
 py 1           0.30000000E+00
 0.1000000000000E+06 0.1500000000000E+03
 pz 1           0.30000000E+00
 0.1000000000000E+06 0.1500000000000E+03
 qa 1           0.30000000E+00
 0.1000000000000E+06 0.1500000000000E+03
 qb 1           0.30000000E+00
 0.1000000000000E+06 0.1500000000000E+03
 qc 1           0.30000000E+00
 0.1000000000000E+06 0.1500000000000E+03
 qd 1           0.30000000E+00
 0.1000000000000E+06 0.1500000000000E+03
 qe 1           0.30000000E+00
 0.1000000000000E+06 0.1500000000000E+03
 qf 1           0.30000000E+00
 0.1000000000000E+06 0.1500000000000E+03
 qg 1           0.30000000E+00
 0.1000000000000E+06 0.1500000000000E+03
 qh 1           0.30000000E+00
 0.1000000000000E+06 0.1500000000000E+03
 qi 1           0.30000000E+00
 0.1000000000000E+06 0.1500000000000E+03
 qj 1           0.30000000E+00
 0.1000000000000E+06 0.1500000000000E+03
 qk 1           0.30000000E+00
 0.1000000000000E+06 0.1500000000000E+03
 ql 1           0.30000000E+00
 0.1000000000000E+06 0.1500000000000E+03
 qm 1           0.30000000E+00
 0.1000000000000E+06 0.1500000000000E+03
 qn 1           0.30000000E+00
 0.1000000000000E+06 0.1500000000000E+03
 qo 1           0.30000000E+00
 0.1000000000000E+06 0.1500000000000E+03
 qp 1           0.30000000E+00
 0.1000000000000E+06 0.1500000000000E+03
 qq 1           0.30000000E+00
 0.1000000000000E+06 0.1500000000000E+03
 qr 1           0.30000000E+00
 0.1000000000000E+06 0.1500000000000E+03
 qs 1           0.30000000E+00
 0.1000000000000E+06 0.1500000000000E+03
 qt 1           0.30000000E+00
 0.1000000000000E+06 0.1500000000000E+03
 qu 1           0.30000000E+00
 0.1000000000000E+06 0.1500000000000E+03
 qv 1           0.30000000E+00
 0.1000000000000E+06 0.1500000000000E+03
 qw 1           0.30000000E+00
 0.1000000000000E+06 0.1500000000000E+03
 qx 1           0.30000000E+00
 0.1000000000000E+06 0.1500000000000E+03
 qy 1           0.30000000E+00
 0.1000000000000E+06 0.1500000000000E+03
 qz 1           0.30000000E+00
 0.1000000000000E+06 0.1500000000000E+03
 ra 1           0.30000000E+00
 0.1000000000000E+06 0.1500000000000E+03
 rb 1           0.30000000E+00
 0.1000000000000E+06 0.1500000000000E+03
 rc 1           0.30000000E+00
 0.1000000000000E+06 0.1500000000000E+03
 rd 1           0.30000000E+00
 0.1000000000000E+06 0.1500000000000E+03
 re 1           0.30000000E+00
 0.1000000000000E+06 0.1500000000000E+03
 rf 1           0.30000000E+00
 0.1000000000000E+06 0.1500000000000E+03
 rg 1           0.30000000E+00
 0.1000000000000E+06 0.1500000000000E+03
 rh 1           0.30000000E+00
 0.1000000000000E+06 0.1500000000000E+03
 ri 1           0.30000000E+00
 0.1000000000000E+06 0.1500000000000E+03
 rj 1           0.30000000E+00
 0.1000000000000E+06 0.1500000000000E+03
 rk 1           0.30000000E+00
 0.1000000000000E+06 0.1500000000000E+03
 rl 1           0.30000000E+00
 0.1000000000000E+06 0.1500000000000E+03
 rm 1           0.30000000E+00
 0.1000000000000E+06 0.1500000000000E+03
 rn 1           0.30000000E+00
 0.1000000000000E+06 0.1500000000000E+03
 ro 1           0.30000000E+00
 0.1000000000000E+06 0.1500000000000E+03
 rp 1           0.30000000E+00
 0.1000000000000E+06 0.1500000000000E+03
 rq 1           0.30000000E+00
 0.1000000000000E+06 0.1500000000000E+03
 rr 1           0.30000000E+00
 0.1000000000000E+06 0.1500000000000E+03
 rs 1           0.30000000E+00
 0.1000000000000E+06 0.1500000000000E+03
 rt 1           0.30000000E+00
 0.1000000000000E+06 0.1500000000000E+03
 ru 1           0.30000000E+00
 0.1000000000000E+06 0.1500000000000E+03
 rv 1           0.30000000E+00
 0.1000000000000E+06 0.1500000000000E+03
 rw 1           0.30000000E+00
 0.1000000000000E+06 0.1500000000000E+03
 rx 1           0.30000000E+00
 0.1000000000000E+06 0.1500000000000E+03
 ry 1           0.30000000E+00
 0.1000000000000E+06 0.1500000000000E+03
 rz 1           0.30000000E+00
 0.1000000000000E+06 0.1500000000000E+03
 sa 1           0.30000000E+00
 0.1000000000000E+06 0.1500000000000E+03
 sb 1           0.30000000E+00
 0.1000000000000E+06 0.1500000000000E+03
 sc 1           0.30000000E+00
 0.1000000000000E+06 0.1500000000000E+03
 sd 1           0.30000000E+00
 0.1000000000000E+06 0.1500000000000E+03
 se 1           0.30000000E+00
 0.1000000000000E+06 0.1500000000000E+03
 sf 1           0.30000000E+00
 0.1000000000000E+06 0.1500000000000E+03
 sg 1           0.30000000E+00
 0.1000000000000E+06 0.1500000000000E+03
 sh 1           0.30000000E+00
 0.1000000000000E+06 0.1500000000000E+03
 si 1           0.30000000E+00
 0.1000000000000E+06 0.1500000000000E+03
 sj 1           0.30000000E+00
 0.1000000000000E+06 0.1500000000000E+03
 sk 1           0.30000000E+00
 0.1000000000000E+06 0.1500000000000E+03
 sl 1           0.30000000E+00
 0.1000000000000E+06 0.1500000000000E+03
 sm 1           0.30000000E+00
 0.1000000000000E+06 0.1500000000000E+03
 sn 1           0.30000000E+00
 0.1000000000000E+06 0.1500000000000E+03
 so 1           0.30000000E+00
 0.1000000000000E+06 0.1500000000000E+03
 sp 1           0.30000000E+00
 0.1000000000000E+06 0.1500000000000E+03
 sq 1           0.30000000E+00
 0.1000000000000E+06 0.1500000000000E+03
 sr 1           0.30000000E+00
 0.1000000000000E+06 0.1500000000000E+03
 ss 1           0.30000000E+00
 0.1000000000000E+06 0.1500000000000E+03
 st 1           0.30000000E+00
 0.1000000000000E+06 0.1500000000000E+03
 su 1           0.30000000E+00
 0.1000000000000E+06 0.1500000000000E+03
 sv 1           0.30000000E+00
 0.1000000000000E+06 0.1500000000000E+03
 sw 1           0.30000000E+00
 0.1000000000000E+06 0.1500000000000E+03
 sx 1           0.30000000E+00
 0.1000000000000E+06 0.1500000000000E+03
 sy 1           0.30000000E+00
 0.1000000000000E+06 0.1500000000000E+03
 sz 1           0.30000000E+00
 0.1000000000000E+06 0.1500000000000E+03
 ta 1           0.30000000E+00
 0.1000000000000E+06 0.1500000000000E+03
 tb 1           0.30000000E+00
 0.1000000000000E+06 0.1500000000000E+03
 tc 1           0.30000000E+00
 0.1000000000000E+06 0.1500000000000E+03
 td 1           0.30000000E+00
 0.1000000000000E+06 0.1500000000000E+03
 te 1           0.30000000E+00
 0.1000000000000E+06 0.1500000000000E+03
 tf 1           0.30000000E+00
 0.1000000000000E+06 0.1500000000000E+03
 tg 1           0.30000000E+00
 0.1000000000000E+06 0.1500000000000E+03
 th 1           0.30000000E+00
 0.1000000000000E+06 0.1500000000000E+03
 ti 1           0.30000000E+00
 0.1000000000000E+06 0.1500000000000E+03
 tj 1           0.30000000E+00
 0.1000000000000E+06 0.1500000000000E+03
 tk 1           0.30000000E+00
 0.1000000000000E+06 0.1500000000000E+03
 tl 1           0.30000000E+00
 0.1000000000000E+06 0.1500000000000E+03
 tm 1           0.30000000E+00
 0.1000000000000E+06 0.1500000000000E+03
 tn 1           0.30000000E+00
 0.1000000000000E+06 0.1500000000000E+03
 to 1           0.30000000E+00
 0.1000000000000E+06 0.1500000000000E+03
 tp 1           0.30000000E+00
 0.1000000000000E+06 0.1500000000000E+03
 tq 1           0.30000000E+00
 0.1000000000000E+06 0.1500000000000E+03
 tr 1           0.30000000E+00
 0.1000000000000E+06 0.1500000000000E+03
 ts 1           0.30000000E+00
 0.1000000000000E+06 0.1500000000000E+03
 tt 1           0.30000000E+00
 0.1000000000000E+06 0.1500000000000E+03
 tu 1           0.30000000E+00
 0.1000000000000E+06 0.1500000000000E+03
 tv 1           0.30000000E+00
 0.1000000000000E+06 0.1500000000000E+03
 tw 1           0.30000000E+00
 0.1000000000000E+06 0.1500000000000E+03
 tx 1           0.30000000E+00
 0.1000000000000E+06 0.1500000000000E+03
 ty 1           0.30000000E+00
 0.1000000000000E+06 0.1500000000000E+03
 tz 1           0.30000000E+00
 0.1000000000000E+06 0.1500000000000E+03
 ua 1           0.30000000E+00
 0.1000000000000E+06 0.1500000000000E+03
 ub 1           0.30000000E+00
 0.1000000000000E+06 0.1500000000000E+03
 uc 1           0.30000000E+00
 0.1000000000000E+06 0.1500000000000E+03
 ud 1           0.30000000E+00
 0.1000000000000E+06 0.1500000000000E+03
+++  
  206 1375    1 0.00000000E+00 0.27000000E+07
