    Geochemical state variables at restart time (s):
0.86400000E+07
     Concentration of primary species mol/kgw :
 5.55092978E+01 4.71339148E-12 5.49354356E-08 1.72896636E-01
 5.55092978E+01 1.16635357E-12 2.00495352E-09 1.74783535E-01
 5.55092978E+01 1.16239524E-12 1.99809427E-09 1.74792022E-01
 5.55092978E+01 1.16238139E-12 1.99807389E-09 1.74792054E-01
 5.55092978E+01 1.16238133E-12 1.99807377E-09 1.74792055E-01
 5.55092978E+01 1.16238133E-12 1.99807377E-09 1.74792055E-01
 5.55092978E+01 1.16238133E-12 1.99807377E-09 1.74792056E-01
 5.55092978E+01 1.16238133E-12 1.99807376E-09 1.74792056E-01
 5.55092978E+01 1.16238133E-12 1.99807376E-09 1.74792056E-01
 5.55092978E+01 1.15858066E-12 1.96143619E-09 1.74800253E-01
 5.55092978E+01 1.15853654E-12 1.93705295E-09 1.74800348E-01
 5.55092978E+01 1.15853608E-12 1.93592220E-09 1.74800353E-01
 5.55092978E+01 1.15853609E-12 1.93587480E-09 1.74800356E-01
 5.55092978E+01 1.15853610E-12 1.93587301E-09 1.74800361E-01
 5.55092978E+01 1.15853611E-12 1.93587242E-09 1.74800366E-01
 5.55092978E+01 1.15853613E-12 1.93587172E-09 1.74800372E-01
 5.55092978E+01 1.15853615E-12 1.93587089E-09 1.74800379E-01
 5.55092978E+01 1.15853618E-12 1.93586984E-09 1.74800387E-01
 5.55092978E+01 1.15853621E-12 1.93586843E-09 1.74800399E-01
 5.55092978E+01 1.15853626E-12 1.93586632E-09 1.74800416E-01
 5.55092978E+01 1.15853636E-12 1.93586209E-09 1.74800451E-01
 5.55092978E+01 1.15853645E-12 1.93585783E-09 1.74800481E-01
 5.55092978E+01 1.15854083E-12 1.94363202E-09 1.74800350E-01
 5.55092978E+01 1.15854386E-12 1.93997362E-09 1.74800327E-01
 5.55092978E+01 1.15853920E-12 1.93773567E-09 1.74800343E-01
 5.55092978E+01 1.15853916E-12 1.93770827E-09 1.74800347E-01
 5.55092978E+01 1.15853912E-12 1.93768383E-09 1.74800348E-01
 5.55092978E+01 1.15853908E-12 1.93765490E-09 1.74800350E-01
 5.55092978E+01 1.15853903E-12 1.93762116E-09 1.74800351E-01
 5.55092978E+01 1.15853896E-12 1.93758225E-09 1.74800352E-01
 5.55092978E+01 1.15853889E-12 1.93753779E-09 1.74800353E-01
 5.55092978E+01 1.15853614E-12 1.93595510E-09 1.74800362E-01
 5.55092978E+01 1.15853611E-12 1.93587666E-09 1.74800366E-01
 5.55092978E+01 1.15853613E-12 1.93587307E-09 1.74800370E-01
 5.55092978E+01 1.15853614E-12 1.93587193E-09 1.74800374E-01
 5.55092978E+01 1.15853615E-12 1.93587059E-09 1.74800379E-01
 5.55092978E+01 1.15853617E-12 1.93586930E-09 1.74800384E-01
 5.55092978E+01 1.15853619E-12 1.93586801E-09 1.74800391E-01
 5.55092978E+01 1.15853621E-12 1.93586666E-09 1.74800398E-01
 5.55092978E+01 1.15853624E-12 1.93586518E-09 1.74800407E-01
 5.55092978E+01 1.15853627E-12 1.93586341E-09 1.74800419E-01
 5.55092978E+01 1.15853632E-12 1.93586101E-09 1.74800437E-01
 5.55092978E+01 1.15853643E-12 1.93585657E-09 1.74800472E-01
 5.55092978E+01 1.15853652E-12 1.93585228E-09 1.74800506E-01
 5.55092978E+01 1.15854083E-12 1.94363202E-09 1.74800350E-01
 5.55092978E+01 1.15854386E-12 1.93997362E-09 1.74800327E-01
 5.55092978E+01 1.15853920E-12 1.93773567E-09 1.74800343E-01
 5.55092978E+01 1.15853916E-12 1.93770827E-09 1.74800347E-01
 5.55092978E+01 1.15853912E-12 1.93768383E-09 1.74800348E-01
 5.55092978E+01 1.15853908E-12 1.93765490E-09 1.74800350E-01
 5.55092978E+01 1.15853903E-12 1.93762116E-09 1.74800351E-01
 5.55092978E+01 1.15853896E-12 1.93758225E-09 1.74800352E-01
 5.55092978E+01 1.15853889E-12 1.93753779E-09 1.74800353E-01
 5.55092978E+01 1.15853614E-12 1.93595510E-09 1.74800362E-01
 5.55092978E+01 1.15853611E-12 1.93587666E-09 1.74800366E-01
 5.55092978E+01 1.15853613E-12 1.93587307E-09 1.74800370E-01
 5.55092978E+01 1.15853614E-12 1.93587193E-09 1.74800374E-01
 5.55092978E+01 1.15853615E-12 1.93587059E-09 1.74800379E-01
 5.55092978E+01 1.15853617E-12 1.93586930E-09 1.74800384E-01
 5.55092978E+01 1.15853619E-12 1.93586801E-09 1.74800391E-01
 5.55092978E+01 1.15853621E-12 1.93586666E-09 1.74800398E-01
 5.55092978E+01 1.15853624E-12 1.93586518E-09 1.74800407E-01
 5.55092978E+01 1.15853627E-12 1.93586341E-09 1.74800419E-01
 5.55092978E+01 1.15853632E-12 1.93586101E-09 1.74800437E-01
 5.55092978E+01 1.15853643E-12 1.93585657E-09 1.74800472E-01
 5.55092978E+01 1.15853652E-12 1.93585228E-09 1.74800506E-01
 5.55092978E+01 1.15851822E-12 1.93592973E-09 1.74794249E-01
 5.55092978E+01 1.15853606E-12 1.93589171E-09 1.74800344E-01
 5.55092978E+01 1.15853606E-12 1.93588155E-09 1.74800347E-01
 5.55092978E+01 1.15853607E-12 1.93588143E-09 1.74800349E-01
 5.55092978E+01 1.15853607E-12 1.93588139E-09 1.74800350E-01
 5.55092978E+01 1.15853608E-12 1.93588136E-09 1.74800352E-01
 5.55092978E+01 1.15853608E-12 1.93588133E-09 1.74800352E-01
 5.55092978E+01 1.15853608E-12 1.93588130E-09 1.74800353E-01
 5.55092978E+01 1.15853608E-12 1.93588128E-09 1.74800354E-01
 5.55092978E+01 1.15853608E-12 1.93587367E-09 1.74800355E-01
 5.55092978E+01 1.15853608E-12 1.93587301E-09 1.74800356E-01
 5.55092978E+01 1.15853609E-12 1.93587267E-09 1.74800357E-01
 5.55092978E+01 1.15853609E-12 1.93587228E-09 1.74800358E-01
 5.55092978E+01 1.15853611E-12 1.93587187E-09 1.74800363E-01
 5.55092978E+01 1.15853612E-12 1.93587132E-09 1.74800369E-01
 5.55092978E+01 1.15853614E-12 1.93587060E-09 1.74800376E-01
 5.55092978E+01 1.15853616E-12 1.93586970E-09 1.74800383E-01
 5.55092978E+01 1.15853619E-12 1.93586856E-09 1.74800392E-01
 5.55092978E+01 1.15853622E-12 1.93586711E-09 1.74800403E-01
 5.55092978E+01 1.15853626E-12 1.93586516E-09 1.74800417E-01
 5.55092978E+01 1.15853635E-12 1.93586210E-09 1.74800445E-01
 5.55092978E+01 1.15853631E-12 1.93586208E-09 1.74800454E-01
     pH :
 11.481907
 12.090251
 12.091736
 12.091741
 12.091741
 12.091741
 12.091741
 12.091741
 12.091741
 12.093171
 12.093188
 12.093188
 12.093188
 12.093188
 12.093188
 12.093188
 12.093188
 12.093188
 12.093188
 12.093188
 12.093188
 12.093188
 12.093186
 12.093185
 12.093187
 12.093187
 12.093187
 12.093187
 12.093187
 12.093187
 12.093187
 12.093188
 12.093188
 12.093188
 12.093188
 12.093188
 12.093188
 12.093188
 12.093188
 12.093188
 12.093188
 12.093188
 12.093188
 12.093188
 12.093186
 12.093185
 12.093187
 12.093187
 12.093187
 12.093187
 12.093187
 12.093187
 12.093187
 12.093188
 12.093188
 12.093188
 12.093188
 12.093188
 12.093188
 12.093188
 12.093188
 12.093188
 12.093188
 12.093188
 12.093188
 12.093188
 12.093193
 12.093188
 12.093188
 12.093188
 12.093188
 12.093188
 12.093188
 12.093188
 12.093188
 12.093188
 12.093188
 12.093188
 12.093188
 12.093188
 12.093188
 12.093188
 12.093188
 12.093188
 12.093188
 12.093188
 12.093188
 12.093188
     Concentration of secondary species mol/kgw :
 2.95043762E-08 3.82394018E-05 3.05818933E-03 2.62008461E-13 2.20646854E-06 4.22750704E-03
 1.07480304E-09 5.63193895E-06 1.24334800E-02 2.33966173E-15 3.29739802E-07 1.71909816E-02
 1.07111779E-09 5.63175324E-06 1.24761633E-02 2.32362678E-15 3.29749967E-07 1.72499979E-02
 1.07110685E-09 5.63176283E-06 1.24763132E-02 2.32357500E-15 3.29750601E-07 1.72502051E-02
 1.07110679E-09 5.63176282E-06 1.24763140E-02 2.32357473E-15 3.29750600E-07 1.72502060E-02
 1.07110679E-09 5.63176281E-06 1.24763140E-02 2.32357472E-15 3.29750599E-07 1.72502060E-02
 1.07110679E-09 5.63176281E-06 1.24763140E-02 2.32357472E-15 3.29750599E-07 1.72502060E-02
 1.07110679E-09 5.63176281E-06 1.24763140E-02 2.32357471E-15 3.29750598E-07 1.72502060E-02
 1.07110679E-09 5.63176281E-06 1.24763140E-02 2.32357471E-15 3.29750598E-07 1.72502060E-02
 1.05145873E-09 5.54660283E-06 1.25175747E-02 2.27339936E-15 3.24784339E-07 1.73072555E-02
 1.03838762E-09 5.47785951E-06 1.25180552E-02 2.24505125E-15 3.20759262E-07 1.73079199E-02
 1.03778148E-09 5.47466405E-06 1.25180604E-02 2.24373980E-15 3.20572150E-07 1.73079268E-02
 1.03775608E-09 5.47453007E-06 1.25180606E-02 2.24368486E-15 3.20564301E-07 1.73079268E-02
 1.03775514E-09 5.47452504E-06 1.25180608E-02 2.24368280E-15 3.20564003E-07 1.73079266E-02
 1.03775485E-09 5.47452342E-06 1.25180609E-02 2.24368213E-15 3.20563905E-07 1.73079265E-02
 1.03775450E-09 5.47452152E-06 1.25180611E-02 2.24368134E-15 3.20563788E-07 1.73079263E-02
 1.03775408E-09 5.47451921E-06 1.25180613E-02 2.24368039E-15 3.20563648E-07 1.73079260E-02
 1.03775356E-09 5.47451632E-06 1.25180616E-02 2.24367919E-15 3.20563472E-07 1.73079258E-02
 1.03775285E-09 5.47451245E-06 1.25180619E-02 2.24367759E-15 3.20563236E-07 1.73079254E-02
 1.03775179E-09 5.47450662E-06 1.25180625E-02 2.24367519E-15 3.20562881E-07 1.73079248E-02
 1.03774967E-09 5.47449498E-06 1.25180636E-02 2.24367038E-15 3.20562171E-07 1.73079237E-02
 1.03774752E-09 5.47448321E-06 1.25180645E-02 2.24366553E-15 3.20561458E-07 1.73079228E-02
 1.04191449E-09 5.49644462E-06 1.25180092E-02 2.25268484E-15 3.21847494E-07 1.73078554E-02
 1.03995329E-09 5.48608423E-06 1.25179751E-02 2.24845077E-15 3.21240832E-07 1.73078095E-02
 1.03875361E-09 5.47977763E-06 1.25180263E-02 2.24584776E-15 3.20871564E-07 1.73078798E-02
 1.03873894E-09 5.47970044E-06 1.25180269E-02 2.24581592E-15 3.20867042E-07 1.73078804E-02
 1.03872585E-09 5.47963153E-06 1.25180274E-02 2.24578752E-15 3.20863006E-07 1.73078810E-02
 1.03871034E-09 5.47954996E-06 1.25180280E-02 2.24575390E-15 3.20858229E-07 1.73078817E-02
 1.03869226E-09 5.47945481E-06 1.25180287E-02 2.24571468E-15 3.20852656E-07 1.73078825E-02
 1.03867141E-09 5.47934511E-06 1.25180294E-02 2.24566946E-15 3.20846233E-07 1.73078835E-02
 1.03864758E-09 5.47921974E-06 1.25180303E-02 2.24561779E-15 3.20838891E-07 1.73078846E-02
 1.03779916E-09 5.47475707E-06 1.25180605E-02 2.24377801E-15 3.20577588E-07 1.73079261E-02
 1.03775712E-09 5.47453542E-06 1.25180609E-02 2.24368705E-15 3.20564607E-07 1.73079264E-02
 1.03775522E-09 5.47452531E-06 1.25180610E-02 2.24368290E-15 3.20564012E-07 1.73079263E-02
 1.03775462E-09 5.47452212E-06 1.25180612E-02 2.24368159E-15 3.20563822E-07 1.73079262E-02
 1.03775392E-09 5.47451837E-06 1.25180613E-02 2.24368004E-15 3.20563598E-07 1.73079260E-02
 1.03775326E-09 5.47451477E-06 1.25180615E-02 2.24367856E-15 3.20563383E-07 1.73079259E-02
 1.03775259E-09 5.47451118E-06 1.25180617E-02 2.24367708E-15 3.20563168E-07 1.73079257E-02
 1.03775190E-09 5.47450744E-06 1.25180619E-02 2.24367554E-15 3.20562943E-07 1.73079254E-02
 1.03775115E-09 5.47450333E-06 1.25180622E-02 2.24367385E-15 3.20562695E-07 1.73079251E-02
 1.03775025E-09 5.47449844E-06 1.25180626E-02 2.24367183E-15 3.20562399E-07 1.73079247E-02
 1.03774904E-09 5.47449179E-06 1.25180631E-02 2.24366909E-15 3.20561996E-07 1.73079242E-02
 1.03774680E-09 5.47447956E-06 1.25180642E-02 2.24366404E-15 3.20561251E-07 1.73079231E-02
 1.03774465E-09 5.47446772E-06 1.25180653E-02 2.24365915E-15 3.20560532E-07 1.73079220E-02
 1.04191449E-09 5.49644462E-06 1.25180092E-02 2.25268484E-15 3.21847494E-07 1.73078554E-02
 1.03995329E-09 5.48608423E-06 1.25179751E-02 2.24845077E-15 3.21240832E-07 1.73078095E-02
 1.03875361E-09 5.47977763E-06 1.25180263E-02 2.24584776E-15 3.20871564E-07 1.73078798E-02
 1.03873894E-09 5.47970044E-06 1.25180269E-02 2.24581592E-15 3.20867042E-07 1.73078804E-02
 1.03872585E-09 5.47963153E-06 1.25180274E-02 2.24578752E-15 3.20863006E-07 1.73078810E-02
 1.03871034E-09 5.47954996E-06 1.25180280E-02 2.24575390E-15 3.20858229E-07 1.73078817E-02
 1.03869226E-09 5.47945481E-06 1.25180287E-02 2.24571468E-15 3.20852656E-07 1.73078825E-02
 1.03867141E-09 5.47934511E-06 1.25180294E-02 2.24566946E-15 3.20846233E-07 1.73078835E-02
 1.03864758E-09 5.47921974E-06 1.25180303E-02 2.24561779E-15 3.20838891E-07 1.73078846E-02
 1.03779916E-09 5.47475707E-06 1.25180605E-02 2.24377801E-15 3.20577588E-07 1.73079261E-02
 1.03775712E-09 5.47453542E-06 1.25180609E-02 2.24368705E-15 3.20564607E-07 1.73079264E-02
 1.03775522E-09 5.47452531E-06 1.25180610E-02 2.24368290E-15 3.20564012E-07 1.73079263E-02
 1.03775462E-09 5.47452212E-06 1.25180612E-02 2.24368159E-15 3.20563822E-07 1.73079262E-02
 1.03775392E-09 5.47451837E-06 1.25180613E-02 2.24368004E-15 3.20563598E-07 1.73079260E-02
 1.03775326E-09 5.47451477E-06 1.25180615E-02 2.24367856E-15 3.20563383E-07 1.73079259E-02
 1.03775259E-09 5.47451118E-06 1.25180617E-02 2.24367708E-15 3.20563168E-07 1.73079257E-02
 1.03775190E-09 5.47450744E-06 1.25180619E-02 2.24367554E-15 3.20562943E-07 1.73079254E-02
 1.03775115E-09 5.47450333E-06 1.25180622E-02 2.24367385E-15 3.20562695E-07 1.73079251E-02
 1.03775025E-09 5.47449844E-06 1.25180626E-02 2.24367183E-15 3.20562399E-07 1.73079247E-02
 1.03774904E-09 5.47449179E-06 1.25180631E-02 2.24366909E-15 3.20561996E-07 1.73079242E-02
 1.03774680E-09 5.47447956E-06 1.25180642E-02 2.24366404E-15 3.20561251E-07 1.73079231E-02
 1.03774465E-09 5.47446772E-06 1.25180653E-02 2.24365915E-15 3.20560532E-07 1.73079220E-02
 1.03775951E-09 5.47463046E-06 1.25178702E-02 2.24373263E-15 3.20575055E-07 1.73081211E-02
 1.03776510E-09 5.47457774E-06 1.25180601E-02 2.24370444E-15 3.20567103E-07 1.73079270E-02
 1.03775967E-09 5.47454907E-06 1.25180603E-02 2.24369267E-15 3.20565422E-07 1.73079270E-02
 1.03775961E-09 5.47454873E-06 1.25180603E-02 2.24369253E-15 3.20565400E-07 1.73079269E-02
 1.03775959E-09 5.47454863E-06 1.25180604E-02 2.24369249E-15 3.20565393E-07 1.73079269E-02
 1.03775958E-09 5.47454856E-06 1.25180604E-02 2.24369246E-15 3.20565388E-07 1.73079269E-02
 1.03775957E-09 5.47454849E-06 1.25180605E-02 2.24369243E-15 3.20565383E-07 1.73079268E-02
 1.03775956E-09 5.47454843E-06 1.25180605E-02 2.24369240E-15 3.20565379E-07 1.73079268E-02
 1.03775955E-09 5.47454836E-06 1.25180605E-02 2.24369237E-15 3.20565374E-07 1.73079268E-02
 1.03775547E-09 5.47452687E-06 1.25180606E-02 2.24368355E-15 3.20564115E-07 1.73079268E-02
 1.03775512E-09 5.47452500E-06 1.25180606E-02 2.24368279E-15 3.20564005E-07 1.73079268E-02
 1.03775494E-09 5.47452405E-06 1.25180606E-02 2.24368239E-15 3.20563948E-07 1.73079267E-02
 1.03775474E-09 5.47452297E-06 1.25180607E-02 2.24368195E-15 3.20563884E-07 1.73079267E-02
 1.03775454E-09 5.47452185E-06 1.25180608E-02 2.24368149E-15 3.20563815E-07 1.73079265E-02
 1.03775427E-09 5.47452034E-06 1.25180610E-02 2.24368086E-15 3.20563721E-07 1.73079263E-02
 1.03775392E-09 5.47451838E-06 1.25180612E-02 2.24368005E-15 3.20563601E-07 1.73079261E-02
 1.03775346E-09 5.47451589E-06 1.25180614E-02 2.24367902E-15 3.20563450E-07 1.73079259E-02
 1.03775289E-09 5.47451275E-06 1.25180617E-02 2.24367773E-15 3.20563259E-07 1.73079256E-02
 1.03775216E-09 5.47450875E-06 1.25180621E-02 2.24367607E-15 3.20563016E-07 1.73079253E-02
 1.03775118E-09 5.47450336E-06 1.25180625E-02 2.24367385E-15 3.20562689E-07 1.73079248E-02
 1.03774966E-09 5.47449496E-06 1.25180634E-02 2.24367038E-15 3.20562175E-07 1.73079239E-02
 1.03774969E-09 5.47449527E-06 1.25180643E-02 2.24367027E-15 3.20562186E-07 1.73079245E-02
     Water Activity :
  0.99766234
  0.99788554
  0.99788655
  0.99788656
  0.99788656
  0.99788656
  0.99788656
  0.99788656
  0.99788656
  0.99788754
  0.99788755
  0.99788755
  0.99788755
  0.99788755
  0.99788755
  0.99788755
  0.99788755
  0.99788755
  0.99788755
  0.99788755
  0.99788755
  0.99788755
  0.99788755
  0.99788755
  0.99788755
  0.99788755
  0.99788755
  0.99788755
  0.99788755
  0.99788755
  0.99788755
  0.99788755
  0.99788755
  0.99788755
  0.99788755
  0.99788755
  0.99788755
  0.99788755
  0.99788755
  0.99788755
  0.99788755
  0.99788755
  0.99788755
  0.99788755
  0.99788755
  0.99788755
  0.99788755
  0.99788755
  0.99788755
  0.99788755
  0.99788755
  0.99788755
  0.99788755
  0.99788755
  0.99788755
  0.99788755
  0.99788755
  0.99788755
  0.99788755
  0.99788755
  0.99788755
  0.99788755
  0.99788755
  0.99788755
  0.99788755
  0.99788755
  0.99788765
  0.99788755
  0.99788755
  0.99788755
  0.99788755
  0.99788755
  0.99788755
  0.99788755
  0.99788755
  0.99788755
  0.99788755
  0.99788755
  0.99788755
  0.99788755
  0.99788755
  0.99788755
  0.99788755
  0.99788755
  0.99788755
  0.99788755
  0.99788755
  0.99788755
     Initial mineral amount mol/dm^3 :
 0.00000000000000E+00 2.72232304900181E+01 0.00000000000000E+00
 0.00000000000000E+00 2.72232304900181E+01 0.00000000000000E+00
 0.00000000000000E+00 2.72232304900181E+01 0.00000000000000E+00
 0.00000000000000E+00 2.72232304900181E+01 0.00000000000000E+00
 0.00000000000000E+00 2.72232304900181E+01 0.00000000000000E+00
 0.00000000000000E+00 2.72232304900181E+01 0.00000000000000E+00
 0.00000000000000E+00 2.72232304900181E+01 0.00000000000000E+00
 0.00000000000000E+00 2.72232304900181E+01 0.00000000000000E+00
 0.00000000000000E+00 2.72232304900181E+01 0.00000000000000E+00
 0.00000000000000E+00 2.72232304900181E+01 0.00000000000000E+00
 0.00000000000000E+00 2.72232304900181E+01 0.00000000000000E+00
 0.00000000000000E+00 2.72232304900181E+01 0.00000000000000E+00
 0.00000000000000E+00 2.72232304900181E+01 0.00000000000000E+00
 0.00000000000000E+00 2.72232304900181E+01 0.00000000000000E+00
 0.00000000000000E+00 2.72232304900181E+01 0.00000000000000E+00
 0.00000000000000E+00 2.72232304900181E+01 0.00000000000000E+00
 0.00000000000000E+00 2.72232304900181E+01 0.00000000000000E+00
 0.00000000000000E+00 2.72232304900181E+01 0.00000000000000E+00
 0.00000000000000E+00 2.72232304900181E+01 0.00000000000000E+00
 0.00000000000000E+00 2.72232304900181E+01 0.00000000000000E+00
 0.00000000000000E+00 2.72232304900181E+01 0.00000000000000E+00
 0.00000000000000E+00 2.72232304900181E+01 0.00000000000000E+00
 0.00000000000000E+00 2.72232304900181E+01 0.00000000000000E+00
 0.00000000000000E+00 2.72232304900181E+01 0.00000000000000E+00
 0.00000000000000E+00 2.72232304900181E+01 0.00000000000000E+00
 0.00000000000000E+00 2.72232304900181E+01 0.00000000000000E+00
 0.00000000000000E+00 2.72232304900181E+01 0.00000000000000E+00
 0.00000000000000E+00 2.72232304900181E+01 0.00000000000000E+00
 0.00000000000000E+00 2.72232304900181E+01 0.00000000000000E+00
 0.00000000000000E+00 2.72232304900181E+01 0.00000000000000E+00
 0.00000000000000E+00 2.72232304900181E+01 0.00000000000000E+00
 0.00000000000000E+00 2.72232304900181E+01 0.00000000000000E+00
 0.00000000000000E+00 2.72232304900181E+01 0.00000000000000E+00
 0.00000000000000E+00 2.72232304900181E+01 0.00000000000000E+00
 0.00000000000000E+00 2.72232304900181E+01 0.00000000000000E+00
 0.00000000000000E+00 2.72232304900181E+01 0.00000000000000E+00
 0.00000000000000E+00 2.72232304900181E+01 0.00000000000000E+00
 0.00000000000000E+00 2.72232304900181E+01 0.00000000000000E+00
 0.00000000000000E+00 2.72232304900181E+01 0.00000000000000E+00
 0.00000000000000E+00 2.72232304900181E+01 0.00000000000000E+00
 0.00000000000000E+00 2.72232304900181E+01 0.00000000000000E+00
 0.00000000000000E+00 2.72232304900181E+01 0.00000000000000E+00
 0.00000000000000E+00 2.72232304900181E+01 0.00000000000000E+00
 0.00000000000000E+00 2.72232304900181E+01 0.00000000000000E+00
 0.00000000000000E+00 2.72232304900181E+01 0.00000000000000E+00
 0.00000000000000E+00 2.72232304900181E+01 0.00000000000000E+00
 0.00000000000000E+00 2.72232304900181E+01 0.00000000000000E+00
 0.00000000000000E+00 2.72232304900181E+01 0.00000000000000E+00
 0.00000000000000E+00 2.72232304900181E+01 0.00000000000000E+00
 0.00000000000000E+00 2.72232304900181E+01 0.00000000000000E+00
 0.00000000000000E+00 2.72232304900181E+01 0.00000000000000E+00
 0.00000000000000E+00 2.72232304900181E+01 0.00000000000000E+00
 0.00000000000000E+00 2.72232304900181E+01 0.00000000000000E+00
 0.00000000000000E+00 2.72232304900181E+01 0.00000000000000E+00
 0.00000000000000E+00 2.72232304900181E+01 0.00000000000000E+00
 0.00000000000000E+00 2.72232304900181E+01 0.00000000000000E+00
 0.00000000000000E+00 2.72232304900181E+01 0.00000000000000E+00
 0.00000000000000E+00 2.72232304900181E+01 0.00000000000000E+00
 0.00000000000000E+00 2.72232304900181E+01 0.00000000000000E+00
 0.00000000000000E+00 2.72232304900181E+01 0.00000000000000E+00
 0.00000000000000E+00 2.72232304900181E+01 0.00000000000000E+00
 0.00000000000000E+00 2.72232304900181E+01 0.00000000000000E+00
 0.00000000000000E+00 2.72232304900181E+01 0.00000000000000E+00
 0.00000000000000E+00 2.72232304900181E+01 0.00000000000000E+00
 0.00000000000000E+00 2.72232304900181E+01 0.00000000000000E+00
 0.00000000000000E+00 2.72232304900181E+01 0.00000000000000E+00
 0.00000000000000E+00 2.72232304900181E+01 0.00000000000000E+00
 0.00000000000000E+00 2.72232304900181E+01 0.00000000000000E+00
 0.00000000000000E+00 2.72232304900181E+01 0.00000000000000E+00
 0.00000000000000E+00 2.72232304900181E+01 0.00000000000000E+00
 0.00000000000000E+00 2.72232304900181E+01 0.00000000000000E+00
 0.00000000000000E+00 2.72232304900181E+01 0.00000000000000E+00
 0.00000000000000E+00 2.72232304900181E+01 0.00000000000000E+00
 0.00000000000000E+00 2.72232304900181E+01 0.00000000000000E+00
 0.00000000000000E+00 2.72232304900181E+01 0.00000000000000E+00
 0.00000000000000E+00 2.72232304900181E+01 0.00000000000000E+00
 0.00000000000000E+00 2.72232304900181E+01 0.00000000000000E+00
 0.00000000000000E+00 2.72232304900181E+01 0.00000000000000E+00
 0.00000000000000E+00 2.72232304900181E+01 0.00000000000000E+00
 0.00000000000000E+00 2.72232304900181E+01 0.00000000000000E+00
 0.00000000000000E+00 2.72232304900181E+01 0.00000000000000E+00
 0.00000000000000E+00 2.72232304900181E+01 0.00000000000000E+00
 0.00000000000000E+00 2.72232304900181E+01 0.00000000000000E+00
 0.00000000000000E+00 2.72232304900181E+01 0.00000000000000E+00
 0.00000000000000E+00 2.72232304900181E+01 0.00000000000000E+00
 0.00000000000000E+00 2.72232304900181E+01 0.00000000000000E+00
 0.00000000000000E+00 2.72232304900181E+01 0.00000000000000E+00
 0.00000000000000E+00 2.72232304900181E+01 0.00000000000000E+00
     Current mineral amount mol/dm^3 :
 2.38201536232591E+01 3.61204692539432E+00
 2.89591699629988E-01 2.64612035365575E+01
 1.45101390944295E-01 2.68398741558723E+01
 1.45062647136378E-01 2.68413341559108E+01
 1.45062664760095E-01 2.68413543475347E+01
 1.45062673237703E-01 2.68413586957055E+01
 1.45062676336915E-01 2.68413603563971E+01
 1.45062677666054E-01 2.68413611041372E+01
 1.45062678319100E-01 2.68413614829394E+01
 2.28626884932538E-04 2.72188592186089E+01
 1.10411945004323E-05 2.72235007836295E+01
 4.37899801302829E-07 2.72235345331787E+01
 1.58696024004356E-08 2.72235266435247E+01
 4.42821223890812E-10 2.72235244175900E+01
 0.00000000000000E+00 2.72235269855035E+01
 0.00000000000000E+00 2.72235341041579E+01
 0.00000000000000E+00 2.72235463727126E+01
 0.00000000000000E+00 2.72235654530347E+01
 0.00000000000000E+00 2.72235950057612E+01
 0.00000000000000E+00 2.72236437884095E+01
 0.00000000000000E+00 2.72237395545265E+01
 0.00000000000000E+00 2.72236699025539E+01
 1.29966803911538E-03 2.72206605476794E+01
 2.48390347373804E-05 2.72233505082820E+01
 1.44348666680043E-05 2.72236985958725E+01
 1.42088617339977E-05 2.72236936622395E+01
 1.39648713730607E-05 2.72236959632921E+01
 1.36748838713844E-05 2.72237012327212E+01
 1.33366219536633E-05 2.72237079386317E+01
 1.29472093548585E-05 2.72237157157698E+01
 1.25031235666683E-05 2.72237245197995E+01
 5.82286802486906E-07 2.72239141601750E+01
 2.51200819866186E-08 2.72238821469973E+01
 9.24095677569339E-10 2.72238580445427E+01
 0.00000000000000E+00 2.72238381523877E+01
 0.00000000000000E+00 2.72238203949511E+01
 0.00000000000000E+00 2.72238041567674E+01
 0.00000000000000E+00 2.72237890254843E+01
 0.00000000000000E+00 2.72237746671633E+01
 0.00000000000000E+00 2.72237607302773E+01
 0.00000000000000E+00 2.72237467363258E+01
 0.00000000000000E+00 2.72237317908450E+01
 0.00000000000000E+00 2.72237127825719E+01
 0.00000000000000E+00 2.72236618428095E+01
 1.29966803911538E-03 2.72206605476794E+01
 2.48390347373804E-05 2.72233505082820E+01
 1.44348666680043E-05 2.72236985958725E+01
 1.42088617339977E-05 2.72236936622395E+01
 1.39648713730607E-05 2.72236959632921E+01
 1.36748838713844E-05 2.72237012327212E+01
 1.33366219536633E-05 2.72237079386317E+01
 1.29472093548585E-05 2.72237157157698E+01
 1.25031235666683E-05 2.72237245197995E+01
 5.82286802486906E-07 2.72239141601750E+01
 2.51200819866186E-08 2.72238821469973E+01
 9.24095677569339E-10 2.72238580445427E+01
 0.00000000000000E+00 2.72238381523877E+01
 0.00000000000000E+00 2.72238203949511E+01
 0.00000000000000E+00 2.72238041567674E+01
 0.00000000000000E+00 2.72237890254843E+01
 0.00000000000000E+00 2.72237746671633E+01
 0.00000000000000E+00 2.72237607302773E+01
 0.00000000000000E+00 2.72237467363258E+01
 0.00000000000000E+00 2.72237317908450E+01
 0.00000000000000E+00 2.72237127825719E+01
 0.00000000000000E+00 2.72236618428095E+01
 2.74170538124406E-06 2.72238231425175E+01
 8.61148890991254E-08 2.72237841785530E+01
 4.50533603299656E-08 2.72237450000392E+01
 4.44170650909948E-08 2.72237292907915E+01
 4.41199901207558E-08 2.72237221767061E+01
 4.38542409001395E-08 2.72237175166207E+01
 4.35957770589709E-08 2.72237126010329E+01
 4.33224221500849E-08 2.72237061064358E+01
 4.30082176924443E-08 2.72236972213142E+01
 3.78283032366945E-09 2.72236363743436E+01
 1.78410278819277E-10 2.72235626240357E+01
 0.00000000000000E+00 2.72234906286426E+01
 0.00000000000000E+00 2.72234247037471E+01
 0.00000000000000E+00 2.72233672118996E+01
 0.00000000000000E+00 2.72233332454221E+01
 0.00000000000000E+00 2.72233213801794E+01
 0.00000000000000E+00 2.72233333995360E+01
 0.00000000000000E+00 2.72233737616262E+01
 0.00000000000000E+00 2.72234545370476E+01
 0.00000000000000E+00 2.72236122818671E+01
 0.00000000000000E+00 2.72240065070631E+01
 0.00000000000000E+00 2.72240155133352E+01
      Gas partial pressure :
 9.69287973E-12
 8.26569985E-14
 8.20887192E-14
 8.20838394E-14
 8.20807735E-14
 8.20777153E-14
 8.20746556E-14
 8.20715943E-14
 8.20685314E-14
 8.02945386E-14
 7.92903578E-14
 7.92410807E-14
 7.92361831E-14
 7.92331547E-14
 7.92301774E-14
 7.92271977E-14
 7.92242140E-14
 7.92212234E-14
 7.92182204E-14
 7.92151908E-14
 7.92120786E-14
 7.92104374E-14
 7.95876764E-14
 7.94366095E-14
 7.93417009E-14
 7.93376284E-14
 7.93336769E-14
 7.93295408E-14
 7.93252066E-14
 7.93206604E-14
 7.93158859E-14
 7.92479585E-14
 7.92417988E-14
 7.92387057E-14
 7.92357131E-14
 7.92327126E-14
 7.92297146E-14
 7.92267172E-14
 7.92237182E-14
 7.92207143E-14
 7.92176996E-14
 7.92146603E-14
 7.92115406E-14
 7.92098983E-14
 7.95876764E-14
 7.94366095E-14
 7.93417009E-14
 7.93376284E-14
 7.93336769E-14
 7.93295408E-14
 7.93252066E-14
 7.93206604E-14
 7.93158859E-14
 7.92479585E-14
 7.92417988E-14
 7.92387057E-14
 7.92357131E-14
 7.92327126E-14
 7.92297146E-14
 7.92267172E-14
 7.92237182E-14
 7.92207143E-14
 7.92176996E-14
 7.92146603E-14
 7.92115406E-14
 7.92098983E-14
 7.92708232E-14
 7.92685751E-14
 7.92652141E-14
 7.92622621E-14
 7.92593120E-14
 7.92563604E-14
 7.92534073E-14
 7.92504525E-14
 7.92474958E-14
 7.92442268E-14
 7.92412404E-14
 7.92382652E-14
 7.92352862E-14
 7.92323045E-14
 7.92293197E-14
 7.92263309E-14
 7.92233369E-14
 7.92203359E-14
 7.92173245E-14
 7.92142955E-14
 7.92112251E-14
 7.92097481E-14
   Residual Solute after Dryout moles/dm^3 :
 0.00000000E+00 0.00000000E+00 0.00000000E+00 0.00000000E+00
 0.00000000E+00 0.00000000E+00 0.00000000E+00 0.00000000E+00
 0.00000000E+00 0.00000000E+00 0.00000000E+00 0.00000000E+00
 0.00000000E+00 0.00000000E+00 0.00000000E+00 0.00000000E+00
 0.00000000E+00 0.00000000E+00 0.00000000E+00 0.00000000E+00
 0.00000000E+00 0.00000000E+00 0.00000000E+00 0.00000000E+00
 0.00000000E+00 0.00000000E+00 0.00000000E+00 0.00000000E+00
 0.00000000E+00 0.00000000E+00 0.00000000E+00 0.00000000E+00
 0.00000000E+00 0.00000000E+00 0.00000000E+00 0.00000000E+00
 0.00000000E+00 0.00000000E+00 0.00000000E+00 0.00000000E+00
 0.00000000E+00 0.00000000E+00 0.00000000E+00 0.00000000E+00
 0.00000000E+00 0.00000000E+00 0.00000000E+00 0.00000000E+00
 0.00000000E+00 0.00000000E+00 0.00000000E+00 0.00000000E+00
 0.00000000E+00 0.00000000E+00 0.00000000E+00 0.00000000E+00
 0.00000000E+00 0.00000000E+00 0.00000000E+00 0.00000000E+00
 0.00000000E+00 0.00000000E+00 0.00000000E+00 0.00000000E+00
 0.00000000E+00 0.00000000E+00 0.00000000E+00 0.00000000E+00
 0.00000000E+00 0.00000000E+00 0.00000000E+00 0.00000000E+00
 0.00000000E+00 0.00000000E+00 0.00000000E+00 0.00000000E+00
 0.00000000E+00 0.00000000E+00 0.00000000E+00 0.00000000E+00
 0.00000000E+00 0.00000000E+00 0.00000000E+00 0.00000000E+00
 0.00000000E+00 0.00000000E+00 0.00000000E+00 0.00000000E+00
 0.00000000E+00 0.00000000E+00 0.00000000E+00 0.00000000E+00
 0.00000000E+00 0.00000000E+00 0.00000000E+00 0.00000000E+00
 0.00000000E+00 0.00000000E+00 0.00000000E+00 0.00000000E+00
 0.00000000E+00 0.00000000E+00 0.00000000E+00 0.00000000E+00
 0.00000000E+00 0.00000000E+00 0.00000000E+00 0.00000000E+00
 0.00000000E+00 0.00000000E+00 0.00000000E+00 0.00000000E+00
 0.00000000E+00 0.00000000E+00 0.00000000E+00 0.00000000E+00
 0.00000000E+00 0.00000000E+00 0.00000000E+00 0.00000000E+00
 0.00000000E+00 0.00000000E+00 0.00000000E+00 0.00000000E+00
 0.00000000E+00 0.00000000E+00 0.00000000E+00 0.00000000E+00
 0.00000000E+00 0.00000000E+00 0.00000000E+00 0.00000000E+00
 0.00000000E+00 0.00000000E+00 0.00000000E+00 0.00000000E+00
 0.00000000E+00 0.00000000E+00 0.00000000E+00 0.00000000E+00
 0.00000000E+00 0.00000000E+00 0.00000000E+00 0.00000000E+00
 0.00000000E+00 0.00000000E+00 0.00000000E+00 0.00000000E+00
 0.00000000E+00 0.00000000E+00 0.00000000E+00 0.00000000E+00
 0.00000000E+00 0.00000000E+00 0.00000000E+00 0.00000000E+00
 0.00000000E+00 0.00000000E+00 0.00000000E+00 0.00000000E+00
 0.00000000E+00 0.00000000E+00 0.00000000E+00 0.00000000E+00
 0.00000000E+00 0.00000000E+00 0.00000000E+00 0.00000000E+00
 0.00000000E+00 0.00000000E+00 0.00000000E+00 0.00000000E+00
 0.00000000E+00 0.00000000E+00 0.00000000E+00 0.00000000E+00
 0.00000000E+00 0.00000000E+00 0.00000000E+00 0.00000000E+00
 0.00000000E+00 0.00000000E+00 0.00000000E+00 0.00000000E+00
 0.00000000E+00 0.00000000E+00 0.00000000E+00 0.00000000E+00
 0.00000000E+00 0.00000000E+00 0.00000000E+00 0.00000000E+00
 0.00000000E+00 0.00000000E+00 0.00000000E+00 0.00000000E+00
 0.00000000E+00 0.00000000E+00 0.00000000E+00 0.00000000E+00
 0.00000000E+00 0.00000000E+00 0.00000000E+00 0.00000000E+00
 0.00000000E+00 0.00000000E+00 0.00000000E+00 0.00000000E+00
 0.00000000E+00 0.00000000E+00 0.00000000E+00 0.00000000E+00
 0.00000000E+00 0.00000000E+00 0.00000000E+00 0.00000000E+00
 0.00000000E+00 0.00000000E+00 0.00000000E+00 0.00000000E+00
 0.00000000E+00 0.00000000E+00 0.00000000E+00 0.00000000E+00
 0.00000000E+00 0.00000000E+00 0.00000000E+00 0.00000000E+00
 0.00000000E+00 0.00000000E+00 0.00000000E+00 0.00000000E+00
 0.00000000E+00 0.00000000E+00 0.00000000E+00 0.00000000E+00
 0.00000000E+00 0.00000000E+00 0.00000000E+00 0.00000000E+00
 0.00000000E+00 0.00000000E+00 0.00000000E+00 0.00000000E+00
 0.00000000E+00 0.00000000E+00 0.00000000E+00 0.00000000E+00
 0.00000000E+00 0.00000000E+00 0.00000000E+00 0.00000000E+00
 0.00000000E+00 0.00000000E+00 0.00000000E+00 0.00000000E+00
 0.00000000E+00 0.00000000E+00 0.00000000E+00 0.00000000E+00
 0.00000000E+00 0.00000000E+00 0.00000000E+00 0.00000000E+00
 0.00000000E+00 0.00000000E+00 0.00000000E+00 0.00000000E+00
 0.00000000E+00 0.00000000E+00 0.00000000E+00 0.00000000E+00
 0.00000000E+00 0.00000000E+00 0.00000000E+00 0.00000000E+00
 0.00000000E+00 0.00000000E+00 0.00000000E+00 0.00000000E+00
 0.00000000E+00 0.00000000E+00 0.00000000E+00 0.00000000E+00
 0.00000000E+00 0.00000000E+00 0.00000000E+00 0.00000000E+00
 0.00000000E+00 0.00000000E+00 0.00000000E+00 0.00000000E+00
 0.00000000E+00 0.00000000E+00 0.00000000E+00 0.00000000E+00
 0.00000000E+00 0.00000000E+00 0.00000000E+00 0.00000000E+00
 0.00000000E+00 0.00000000E+00 0.00000000E+00 0.00000000E+00
 0.00000000E+00 0.00000000E+00 0.00000000E+00 0.00000000E+00
 0.00000000E+00 0.00000000E+00 0.00000000E+00 0.00000000E+00
 0.00000000E+00 0.00000000E+00 0.00000000E+00 0.00000000E+00
 0.00000000E+00 0.00000000E+00 0.00000000E+00 0.00000000E+00
 0.00000000E+00 0.00000000E+00 0.00000000E+00 0.00000000E+00
 0.00000000E+00 0.00000000E+00 0.00000000E+00 0.00000000E+00
 0.00000000E+00 0.00000000E+00 0.00000000E+00 0.00000000E+00
 0.00000000E+00 0.00000000E+00 0.00000000E+00 0.00000000E+00
 0.00000000E+00 0.00000000E+00 0.00000000E+00 0.00000000E+00
 0.00000000E+00 0.00000000E+00 0.00000000E+00 0.00000000E+00
 0.00000000E+00 0.00000000E+00 0.00000000E+00 0.00000000E+00
 0.00000000E+00 0.00000000E+00 0.00000000E+00 0.00000000E+00
  UT   Concentration of primary species mol/L :
 5.53607827E+01-7.30654115E-03 4.04218716E-05 1.75522225E-01
 5.53222301E+01-2.95305680E-02 5.94465713E-06 1.86591703E-01
 5.53221166E+01-2.96318639E-02 5.94445948E-06 1.86642318E-01
 5.53221041E+01-2.96322131E-02 5.94446828E-06 1.86642456E-01
 5.53220919E+01-2.96322083E-02 5.94446696E-06 1.86642417E-01
 5.53220797E+01-2.96322017E-02 5.94446564E-06 1.86642377E-01
 5.53220675E+01-2.96321952E-02 5.94446433E-06 1.86642336E-01
 5.53220552E+01-2.96321887E-02 5.94446301E-06 1.86642295E-01
 5.53220430E+01-2.96321821E-02 5.94446170E-06 1.86642253E-01
 5.53219329E+01-2.97300117E-02 5.85457173E-06 1.86691088E-01
 5.53219195E+01-2.97310730E-02 5.78201024E-06 1.86691548E-01
 5.53219072E+01-2.97310751E-02 5.77863607E-06 1.86691513E-01
 5.53218950E+01-2.97310685E-02 5.77849337E-06 1.86691476E-01
 5.53218828E+01-2.97310620E-02 5.77848678E-06 1.86691439E-01
 5.53218706E+01-2.97310554E-02 5.77848380E-06 1.86691403E-01
 5.53218584E+01-2.97310488E-02 5.77848050E-06 1.86691368E-01
 5.53218462E+01-2.97310423E-02 5.77847679E-06 1.86691334E-01
 5.53218340E+01-2.97310357E-02 5.77847246E-06 1.86691301E-01
 5.53218218E+01-2.97310291E-02 5.77846709E-06 1.86691272E-01
 5.53218096E+01-2.97310226E-02 5.77845966E-06 1.86691249E-01
 5.53217974E+01-2.97310160E-02 5.77844606E-06 1.86691243E-01
 5.53217914E+01-2.97310127E-02 5.77843298E-06 1.86691254E-01
 5.53220337E+01-2.97310439E-02 5.80163921E-06 1.86691908E-01
 5.53220277E+01-2.97309499E-02 5.79070293E-06 1.86691821E-01
 5.53220154E+01-2.97310577E-02 5.78404487E-06 1.86691840E-01
 5.53220032E+01-2.97310524E-02 5.78396212E-06 1.86691803E-01
 5.53219911E+01-2.97310469E-02 5.78388811E-06 1.86691764E-01
 5.53219789E+01-2.97310415E-02 5.78380074E-06 1.86691725E-01
 5.53219667E+01-2.97310363E-02 5.78369903E-06 1.86691685E-01
 5.53219545E+01-2.97310314E-02 5.78358197E-06 1.86691646E-01
 5.53219423E+01-2.97310266E-02 5.78344837E-06 1.86691607E-01
 5.53219301E+01-2.97310868E-02 5.77873663E-06 1.86691600E-01
 5.53219179E+01-2.97310808E-02 5.77850140E-06 1.86691563E-01
 5.53219057E+01-2.97310743E-02 5.77848945E-06 1.86691525E-01
 5.53218935E+01-2.97310677E-02 5.77848481E-06 1.86691489E-01
 5.53218814E+01-2.97310612E-02 5.77847958E-06 1.86691452E-01
 5.53218692E+01-2.97310546E-02 5.77847450E-06 1.86691417E-01
 5.53218570E+01-2.97310481E-02 5.77846944E-06 1.86691382E-01
 5.53218448E+01-2.97310415E-02 5.77846421E-06 1.86691349E-01
 5.53218326E+01-2.97310349E-02 5.77845859E-06 1.86691317E-01
 5.53218205E+01-2.97310284E-02 5.77845214E-06 1.86691289E-01
 5.53218083E+01-2.97310218E-02 5.77844385E-06 1.86691266E-01
 5.53217961E+01-2.97310152E-02 5.77842963E-06 1.86691261E-01
 5.53217901E+01-2.97310119E-02 5.77841648E-06 1.86691275E-01
 5.53220337E+01-2.97310439E-02 5.80163921E-06 1.86691908E-01
 5.53220277E+01-2.97309499E-02 5.79070293E-06 1.86691821E-01
 5.53220154E+01-2.97310577E-02 5.78404487E-06 1.86691840E-01
 5.53220032E+01-2.97310524E-02 5.78396212E-06 1.86691803E-01
 5.53219911E+01-2.97310469E-02 5.78388811E-06 1.86691764E-01
 5.53219789E+01-2.97310415E-02 5.78380074E-06 1.86691725E-01
 5.53219667E+01-2.97310363E-02 5.78369903E-06 1.86691685E-01
 5.53219545E+01-2.97310314E-02 5.78358197E-06 1.86691646E-01
 5.53219423E+01-2.97310266E-02 5.78344837E-06 1.86691607E-01
 5.53219301E+01-2.97310868E-02 5.77873663E-06 1.86691600E-01
 5.53219179E+01-2.97310808E-02 5.77850140E-06 1.86691563E-01
 5.53219057E+01-2.97310743E-02 5.77848945E-06 1.86691525E-01
 5.53218935E+01-2.97310677E-02 5.77848481E-06 1.86691489E-01
 5.53218814E+01-2.97310612E-02 5.77847958E-06 1.86691452E-01
 5.53218692E+01-2.97310546E-02 5.77847450E-06 1.86691417E-01
 5.53218570E+01-2.97310481E-02 5.77846944E-06 1.86691382E-01
 5.53218448E+01-2.97310415E-02 5.77846421E-06 1.86691349E-01
 5.53218326E+01-2.97310349E-02 5.77845859E-06 1.86691317E-01
 5.53218205E+01-2.97310284E-02 5.77845214E-06 1.86691289E-01
 5.53218083E+01-2.97310218E-02 5.77844385E-06 1.86691266E-01
 5.53217961E+01-2.97310152E-02 5.77842963E-06 1.86691261E-01
 5.53217901E+01-2.97310119E-02 5.77841648E-06 1.86691275E-01
 5.53220321E+01-2.97311463E-02 5.77861851E-06 1.86685662E-01
 5.53220260E+01-2.97311388E-02 5.77855738E-06 1.86691905E-01
 5.53220139E+01-2.97311323E-02 5.77852585E-06 1.86691867E-01
 5.53220017E+01-2.97311258E-02 5.77852422E-06 1.86691828E-01
 5.53219895E+01-2.97311192E-02 5.77852284E-06 1.86691788E-01
 5.53219773E+01-2.97311127E-02 5.77852148E-06 1.86691748E-01
 5.53219651E+01-2.97311061E-02 5.77852014E-06 1.86691708E-01
 5.53219529E+01-2.97310996E-02 5.77851880E-06 1.86691668E-01
 5.53219407E+01-2.97310930E-02 5.77851745E-06 1.86691627E-01
 5.53219284E+01-2.97310865E-02 5.77849349E-06 1.86691587E-01
 5.53219162E+01-2.97310799E-02 5.77849024E-06 1.86691546E-01
 5.53219040E+01-2.97310733E-02 5.77848795E-06 1.86691506E-01
 5.53218917E+01-2.97310667E-02 5.77848553E-06 1.86691466E-01
 5.53218795E+01-2.97310602E-02 5.77848307E-06 1.86691430E-01
 5.53218672E+01-2.97310536E-02 5.77848019E-06 1.86691395E-01
 5.53218550E+01-2.97310470E-02 5.77847683E-06 1.86691360E-01
 5.53218427E+01-2.97310404E-02 5.77847292E-06 1.86691327E-01
 5.53218305E+01-2.97310338E-02 5.77846833E-06 1.86691294E-01
 5.53218183E+01-2.97310272E-02 5.77846281E-06 1.86691264E-01
 5.53218061E+01-2.97310207E-02 5.77845584E-06 1.86691238E-01
 5.53217939E+01-2.97310141E-02 5.77844568E-06 1.86691226E-01
 5.53217878E+01-2.97310123E-02 5.77844537E-06 1.86691215E-01
  Number of Grains :
 1.00000000000000E+00 1.00000000000000E+00
 1.00000000000000E+00 1.00000000000000E+00
 1.00000000000000E+00 1.00000000000000E+00
 1.00000000000000E+00 1.00000000000000E+00
 1.00000000000000E+00 1.00000000000000E+00
 1.00000000000000E+00 1.00000000000000E+00
 1.00000000000000E+00 1.00000000000000E+00
 1.00000000000000E+00 1.00000000000000E+00
 1.00000000000000E+00 1.00000000000000E+00
 1.00000000000000E+00 1.00000000000000E+00
 1.00000000000000E+00 1.00000000000000E+00
 1.00000000000000E+00 1.00000000000000E+00
 1.00000000000000E+00 1.00000000000000E+00
 1.00000000000000E+00 1.00000000000000E+00
 1.00000000000000E+00 1.00000000000000E+00
 1.00000000000000E+00 1.00000000000000E+00
 1.00000000000000E+00 1.00000000000000E+00
 1.00000000000000E+00 1.00000000000000E+00
 1.00000000000000E+00 1.00000000000000E+00
 1.00000000000000E+00 1.00000000000000E+00
 1.00000000000000E+00 1.00000000000000E+00
 1.00000000000000E+00 1.00000000000000E+00
 1.00000000000000E+00 1.00000000000000E+00
 1.00000000000000E+00 1.00000000000000E+00
 1.00000000000000E+00 1.00000000000000E+00
 1.00000000000000E+00 1.00000000000000E+00
 1.00000000000000E+00 1.00000000000000E+00
 1.00000000000000E+00 1.00000000000000E+00
 1.00000000000000E+00 1.00000000000000E+00
 1.00000000000000E+00 1.00000000000000E+00
 1.00000000000000E+00 1.00000000000000E+00
 1.00000000000000E+00 1.00000000000000E+00
 1.00000000000000E+00 1.00000000000000E+00
 1.00000000000000E+00 1.00000000000000E+00
 1.00000000000000E+00 1.00000000000000E+00
 1.00000000000000E+00 1.00000000000000E+00
 1.00000000000000E+00 1.00000000000000E+00
 1.00000000000000E+00 1.00000000000000E+00
 1.00000000000000E+00 1.00000000000000E+00
 1.00000000000000E+00 1.00000000000000E+00
 1.00000000000000E+00 1.00000000000000E+00
 1.00000000000000E+00 1.00000000000000E+00
 1.00000000000000E+00 1.00000000000000E+00
 1.00000000000000E+00 1.00000000000000E+00
 1.00000000000000E+00 1.00000000000000E+00
 1.00000000000000E+00 1.00000000000000E+00
 1.00000000000000E+00 1.00000000000000E+00
 1.00000000000000E+00 1.00000000000000E+00
 1.00000000000000E+00 1.00000000000000E+00
 1.00000000000000E+00 1.00000000000000E+00
 1.00000000000000E+00 1.00000000000000E+00
 1.00000000000000E+00 1.00000000000000E+00
 1.00000000000000E+00 1.00000000000000E+00
 1.00000000000000E+00 1.00000000000000E+00
 1.00000000000000E+00 1.00000000000000E+00
 1.00000000000000E+00 1.00000000000000E+00
 1.00000000000000E+00 1.00000000000000E+00
 1.00000000000000E+00 1.00000000000000E+00
 1.00000000000000E+00 1.00000000000000E+00
 1.00000000000000E+00 1.00000000000000E+00
 1.00000000000000E+00 1.00000000000000E+00
 1.00000000000000E+00 1.00000000000000E+00
 1.00000000000000E+00 1.00000000000000E+00
 1.00000000000000E+00 1.00000000000000E+00
 1.00000000000000E+00 1.00000000000000E+00
 1.00000000000000E+00 1.00000000000000E+00
 1.00000000000000E+00 1.00000000000000E+00
 1.00000000000000E+00 1.00000000000000E+00
 1.00000000000000E+00 1.00000000000000E+00
 1.00000000000000E+00 1.00000000000000E+00
 1.00000000000000E+00 1.00000000000000E+00
 1.00000000000000E+00 1.00000000000000E+00
 1.00000000000000E+00 1.00000000000000E+00
 1.00000000000000E+00 1.00000000000000E+00
 1.00000000000000E+00 1.00000000000000E+00
 1.00000000000000E+00 1.00000000000000E+00
 1.00000000000000E+00 1.00000000000000E+00
 1.00000000000000E+00 1.00000000000000E+00
 1.00000000000000E+00 1.00000000000000E+00
 1.00000000000000E+00 1.00000000000000E+00
 1.00000000000000E+00 1.00000000000000E+00
 1.00000000000000E+00 1.00000000000000E+00
 1.00000000000000E+00 1.00000000000000E+00
 1.00000000000000E+00 1.00000000000000E+00
 1.00000000000000E+00 1.00000000000000E+00
 1.00000000000000E+00 1.00000000000000E+00
 1.00000000000000E+00 1.00000000000000E+00
 1.00000000000000E+00 1.00000000000000E+00
  Initial porosity phit0 : 
 1.00000000E-01
 1.00000000E-01
 1.00000000E-01
 1.00000000E-01
 1.00000000E-01
 1.00000000E-01
 1.00000000E-01
 1.00000000E-01
 1.00000000E-01
 1.00000000E-01
 1.00000000E-01
 1.00000000E-01
 1.00000000E-01
 1.00000000E-01
 1.00000000E-01
 1.00000000E-01
 1.00000000E-01
 1.00000000E-01
 1.00000000E-01
 1.00000000E-01
 1.00000000E-01
 1.00000000E-01
 1.00000000E-01
 1.00000000E-01
 1.00000000E-01
 1.00000000E-01
 1.00000000E-01
 1.00000000E-01
 1.00000000E-01
 1.00000000E-01
 1.00000000E-01
 1.00000000E-01
 1.00000000E-01
 1.00000000E-01
 1.00000000E-01
 1.00000000E-01
 1.00000000E-01
 1.00000000E-01
 1.00000000E-01
 1.00000000E-01
 1.00000000E-01
 1.00000000E-01
 1.00000000E-01
 1.00000000E-01
 1.00000000E-01
 1.00000000E-01
 1.00000000E-01
 1.00000000E-01
 1.00000000E-01
 1.00000000E-01
 1.00000000E-01
 1.00000000E-01
 1.00000000E-01
 1.00000000E-01
 1.00000000E-01
 1.00000000E-01
 1.00000000E-01
 1.00000000E-01
 1.00000000E-01
 1.00000000E-01
 1.00000000E-01
 1.00000000E-01
 1.00000000E-01
 1.00000000E-01
 1.00000000E-01
 1.00000000E-01
 1.00000000E-01
 1.00000000E-01
 1.00000000E-01
 1.00000000E-01
 1.00000000E-01
 1.00000000E-01
 1.00000000E-01
 1.00000000E-01
 1.00000000E-01
 1.00000000E-01
 1.00000000E-01
 1.00000000E-01
 1.00000000E-01
 1.00000000E-01
 1.00000000E-01
 1.00000000E-01
 1.00000000E-01
 1.00000000E-01
 1.00000000E-01
 1.00000000E-01
 1.00000000E-01
 1.00000000E-01
  Initial permeability permt0: 
 6.51000000E-12 6.51000000E-12 6.51000000E-12
 6.51000000E-12 6.51000000E-12 6.51000000E-12
 6.51000000E-12 6.51000000E-12 6.51000000E-12
 6.51000000E-12 6.51000000E-12 6.51000000E-12
 6.51000000E-12 6.51000000E-12 6.51000000E-12
 6.51000000E-12 6.51000000E-12 6.51000000E-12
 6.51000000E-12 6.51000000E-12 6.51000000E-12
 6.51000000E-12 6.51000000E-12 6.51000000E-12
 6.51000000E-12 6.51000000E-12 6.51000000E-12
 6.51000000E-12 6.51000000E-12 6.51000000E-12
 6.51000000E-12 6.51000000E-12 6.51000000E-12
 6.51000000E-12 6.51000000E-12 6.51000000E-12
 6.51000000E-12 6.51000000E-12 6.51000000E-12
 6.51000000E-12 6.51000000E-12 6.51000000E-12
 6.51000000E-12 6.51000000E-12 6.51000000E-12
 6.51000000E-12 6.51000000E-12 6.51000000E-12
 6.51000000E-12 6.51000000E-12 6.51000000E-12
 6.51000000E-12 6.51000000E-12 6.51000000E-12
 6.51000000E-12 6.51000000E-12 6.51000000E-12
 6.51000000E-12 6.51000000E-12 6.51000000E-12
 6.51000000E-12 6.51000000E-12 6.51000000E-12
 6.51000000E-12 6.51000000E-12 6.51000000E-12
 6.51000000E-12 6.51000000E-12 6.51000000E-12
 6.51000000E-12 6.51000000E-12 6.51000000E-12
 6.51000000E-12 6.51000000E-12 6.51000000E-12
 6.51000000E-12 6.51000000E-12 6.51000000E-12
 6.51000000E-12 6.51000000E-12 6.51000000E-12
 6.51000000E-12 6.51000000E-12 6.51000000E-12
 6.51000000E-12 6.51000000E-12 6.51000000E-12
 6.51000000E-12 6.51000000E-12 6.51000000E-12
 6.51000000E-12 6.51000000E-12 6.51000000E-12
 6.51000000E-12 6.51000000E-12 6.51000000E-12
 6.51000000E-12 6.51000000E-12 6.51000000E-12
 6.51000000E-12 6.51000000E-12 6.51000000E-12
 6.51000000E-12 6.51000000E-12 6.51000000E-12
 6.51000000E-12 6.51000000E-12 6.51000000E-12
 6.51000000E-12 6.51000000E-12 6.51000000E-12
 6.51000000E-12 6.51000000E-12 6.51000000E-12
 6.51000000E-12 6.51000000E-12 6.51000000E-12
 6.51000000E-12 6.51000000E-12 6.51000000E-12
 6.51000000E-12 6.51000000E-12 6.51000000E-12
 6.51000000E-12 6.51000000E-12 6.51000000E-12
 6.51000000E-12 6.51000000E-12 6.51000000E-12
 6.51000000E-12 6.51000000E-12 6.51000000E-12
 6.51000000E-12 6.51000000E-12 6.51000000E-12
 6.51000000E-12 6.51000000E-12 6.51000000E-12
 6.51000000E-12 6.51000000E-12 6.51000000E-12
 6.51000000E-12 6.51000000E-12 6.51000000E-12
 6.51000000E-12 6.51000000E-12 6.51000000E-12
 6.51000000E-12 6.51000000E-12 6.51000000E-12
 6.51000000E-12 6.51000000E-12 6.51000000E-12
 6.51000000E-12 6.51000000E-12 6.51000000E-12
 6.51000000E-12 6.51000000E-12 6.51000000E-12
 6.51000000E-12 6.51000000E-12 6.51000000E-12
 6.51000000E-12 6.51000000E-12 6.51000000E-12
 6.51000000E-12 6.51000000E-12 6.51000000E-12
 6.51000000E-12 6.51000000E-12 6.51000000E-12
 6.51000000E-12 6.51000000E-12 6.51000000E-12
 6.51000000E-12 6.51000000E-12 6.51000000E-12
 6.51000000E-12 6.51000000E-12 6.51000000E-12
 6.51000000E-12 6.51000000E-12 6.51000000E-12
 6.51000000E-12 6.51000000E-12 6.51000000E-12
 6.51000000E-12 6.51000000E-12 6.51000000E-12
 6.51000000E-12 6.51000000E-12 6.51000000E-12
 6.51000000E-12 6.51000000E-12 6.51000000E-12
 6.51000000E-12 6.51000000E-12 6.51000000E-12
 6.51000000E-12 6.51000000E-12 6.51000000E-12
 6.51000000E-12 6.51000000E-12 6.51000000E-12
 6.51000000E-12 6.51000000E-12 6.51000000E-12
 6.51000000E-12 6.51000000E-12 6.51000000E-12
 6.51000000E-12 6.51000000E-12 6.51000000E-12
 6.51000000E-12 6.51000000E-12 6.51000000E-12
 6.51000000E-12 6.51000000E-12 6.51000000E-12
 6.51000000E-12 6.51000000E-12 6.51000000E-12
 6.51000000E-12 6.51000000E-12 6.51000000E-12
 6.51000000E-12 6.51000000E-12 6.51000000E-12
 6.51000000E-12 6.51000000E-12 6.51000000E-12
 6.51000000E-12 6.51000000E-12 6.51000000E-12
 6.51000000E-12 6.51000000E-12 6.51000000E-12
 6.51000000E-12 6.51000000E-12 6.51000000E-12
 6.51000000E-12 6.51000000E-12 6.51000000E-12
 6.51000000E-12 6.51000000E-12 6.51000000E-12
 6.51000000E-12 6.51000000E-12 6.51000000E-12
 6.51000000E-12 6.51000000E-12 6.51000000E-12
 6.51000000E-12 6.51000000E-12 6.51000000E-12
 6.51000000E-12 6.51000000E-12 6.51000000E-12
 6.51000000E-12 6.51000000E-12 6.51000000E-12
 6.51000000E-12 6.51000000E-12 6.51000000E-12
